0 0
0 2.37268e-05
0 0.000123379
0 0.000507754
0 0.00162291
0 0.00369189
0 0.00689501
0 0.0109191
0 0.0156502
0 0.0210837
0 0.0266689
0 0.0324963
0 0.0388455
0 0.0455745
0 0.0527305
0 0.06066
0 0.0699229
0 0.0806427
0 0.0929569
0 0.107169
0 0.124115
0 0.142964
0 0.16232
0 0.182545
0 0.202428
0 0.221457
0 0.239508
0 0.255766
0 0.270267
0 0.283246
0 0.294421
0 0.304026
0 0.312264
0 0.318832
0 0.324692
0 0.330083
0 0.334211
0 0.337818
0 0.3414
0 0.344504
0 0.347304
0 0.349823
0 0.351954
0 0.354128
0 0.356234
0 0.35818
0 0.360073
0 0.361896
0 0.363742
0 0.365464
0 0.367158
0 0.368843
0 0.370494
0 0.372046
0 0.373659
0 0.375192
0 0.376749
0 0.378243
0 0.379847
0 0.381304
0 0.382865
0 0.384194
0 0.38549
0 0.386828
0 0.388128
0 0.389243
0 0.390491
0 0.391592
0 0.392631
0 0.393637
0 0.394696
0 0.39555
0 0.39648
0 0.397377
0 0.398302
0 0.399175
0 0.399887
0 0.400717
0 0.4015
0 0.402184
0 0.403019
0 0.403731
0 0.404409
0 0.405022
0 0.405653
0 0.406293
0 0.406962
0 0.407617
0 0.408196
0 0.408799
0 0.409335
0 0.409857
0 0.410502
0 0.410991
0 0.411537
0 0.412007
0 0.412519
0 0.412923
0 0.413402
0 0.413843
0 0.414266
0 0.414664
0 0.415101
0 0.415457
0 0.415879
0 0.41624
0 0.416614
0 0.417103
0 0.417492
0 0.417877
0 0.418214
0 0.418612
0 0.419006
0 0.419357
0 0.419694
0 0.420102
0 0.420335
0 0.42071
0 0.421051
0 0.421398
0 0.42172
0 0.422038
0 0.422309
0 0.422617
0 0.422926
0 0.423163
0 0.42341
0 0.423666
0 0.423941
0 0.424226
0 0.42452
0 0.424753
0 0.424933
0 0.425166
0 0.425351
0 0.42555
0 0.425825
0 0.426062
0 0.426304
0 0.426551
0 0.426774
0 0.426969
0 0.427197
0 0.427391
0 0.427595
0 0.427771
0 0.427927
0 0.428155
0 0.428373
0 0.42854
0 0.428668
0 0.428862
0 0.429028
0 0.429228
0 0.429451
0 0.429655
0 0.429897
0 0.430096
0 0.430291
0 0.430518
0 0.430684
0 0.430846
0 0.431002
0 0.431216
0 0.431363
0 0.43152
0 0.431676
0 0.431861
0 0.432046
0 0.43225
0 0.432454
0 0.432606
0 0.432768
0 0.432915
0 0.433095
0 0.433299
0 0.433446
0 0.433641
0 0.433826
0 0.433987
0 0.434144
0 0.434305
0 0.434471
0 0.434609
0 0.434784
0 0.434913
0 0.43505
0 0.43524
0 0.435373
0 0.435477
0 0.435643
0 0.4358
0 0.435928
0 0.436037
0 0.436175
0 0.43635
0 0.436483
0 0.436626
0 0.436796
0 0.43691
0 0.437015
0 0.437181
0 0.437333
0 0.437504
0 0.437632
0 0.437784
0 0.437935
0 0.438064
0 0.438192
0 0.438301
0 0.438429
0 0.438548
0 0.438642
0 0.43878
0 0.438951
0 0.439107
0 0.439217
0 0.43934
0 0.439497
0 0.439625
0 0.439772
0 0.439924
0 0.440052
0 0.440218
0 0.440365
0 0.440465
0 0.440607
0 0.440716
0 0.440854
0 0.440982
0 0.441124
0 0.44129
0 0.441437
0 0.441532
0 0.441627
0 0.441774
0 0.441936
0 0.442073
0 0.44222
0 0.442363
0 0.442543
0 0.4427
0 0.44279
0 0.442885
0 0.443032
0 0.443165
0 0.443312
0 0.443445
0 0.44354
0 0.443682
0 0.443858
0 0.444024
0 0.44418
0 0.444304
0 0.444422
0 0.444527
0 0.444612
0 0.44475
0 0.444911
0 0.445049
0 0.445191
0 0.445329
0 0.445443
0 0.445552
0 0.445694
0 0.445841
0 0.445922
0 0.446107
0 0.446235
0 0.446387
0 0.446558
0 0.446676
0 0.446814
0 0.446942
0 0.447089
0 0.447194
0 0.447402
0 0.447512
0 0.447592
0 0.447697
0 0.447839
0 0.447986
0 0.44809
0 0.448242
0 0.448423
0 0.44857
0 0.448717
0 0.448845
0 0.449006
0 0.449115
0 0.449239
0 0.449391
0 0.449495
0 0.449637
0 0.449751
0 0.44987
0 0.450022
0 0.450169
0 0.450283
0 0.450397
0 0.45053
0 0.450705
0 0.450824
0 0.450971
0 0.451113
0 0.451265
0 0.451403
0 0.45155
0 0.451673
0 0.451773
0 0.451925
0 0.452067
0 0.452214
0 0.45238
0 0.452475
0 0.452603
0 0.45276
0 0.45286
0 0.453007
0 0.453182
0 0.453315
0 0.453457
0 0.45359
0 0.453728
0 0.453861
0 0.454003
0 0.454103
0 0.454226
0 0.454392
0 0.454563
0 0.454677
0 0.454853
0 0.454966
0 0.455061
0 0.455166
0 0.455303
0 0.455446
0 0.455579
0 0.455735
0 0.455825
0 0.455935
0 0.456101
0 0.456205
0 0.456328
0 0.456442
0 0.456599
0 0.456746
0 0.456874
0 0.456998
0 0.457183
0 0.457315
0 0.457444
0 0.457586
0 0.457747
0 0.457875
0 0.458056
0 0.458198
0 0.458345
0 0.458469
0 0.458587
0 0.458725
0 0.458862
0 0.458972
0 0.4591
0 0.459261
0 0.459394
0 0.459579
0 0.459736
0 0.459826
0 0.459987
0 0.460158
0 0.460315
0 0.460485
0 0.460661
0 0.46077
0 0.460903
0 0.461041
0 0.461207
0 0.461306
0 0.461449
0 0.461634
0 0.461733
0 0.461876
0 0.461999
0 0.462151
0 0.462298
0 0.462431
0 0.462545
0 0.462692
0 0.462839
0 0.462948
0 0.463072
0 0.463209
0 0.463352
0 0.463508
0 0.463665
0 0.463798
0 0.463916
0 0.464078
0 0.46421
0 0.46431
0 0.464433
0 0.464538
0 0.464652
0 0.464794
0 0.464955
0 0.465088
0 0.465221
0 0.465354
0 0.465501
0 0.465648
0 0.465762
0 0.465871
0 0.465999
0 0.46617
0 0.466351
0 0.466484
0 0.466626
0 0.466787
0 0.466939
0 0.467138
0 0.467266
0 0.467423
0 0.467537
0 0.467656
0 0.467793
0 0.467969
0 0.468121
0 0.468273
0 0.468443
0 0.468571
0 0.468719
0 0.468908
0 0.469089
0 0.469241
0 0.469359
0 0.46953
0 0.469668
0 0.469853
0 0.469952
0 0.470114
0 0.470228
0 0.470346
0 0.470465
0 0.470588
0 0.470764
0 0.470916
0 0.471049
0 0.471177
0 0.471314
0 0.471471
0 0.471675
0 0.471813
0 0.471964
0 0.472102
0 0.472278
0 0.472429
0 0.472553
0 0.472671
0 0.472804
0 0.472947
0 0.473132
0 0.473231
0 0.473388
0 0.473521
0 0.473663
0 0.473801
0 0.473957
0 0.474147
0 0.474375
0 0.474532
0 0.474698
0 0.474864
0 0.475035
0 0.475182
0 0.475357
0 0.475495
0 0.475666
0 0.475803
0 0.475927
0 0.476136
0 0.476297
0 0.476468
0 0.476596
0 0.476696
0 0.476814
0 0.476928
0 0.47707
0 0.477255
0 0.477426
0 0.477602
0 0.477716
0 0.477877
0 0.478019
0 0.47819
0 0.478356
0 0.478503
0 0.478627
0 0.478765
0 0.478912
0 0.479059
0 0.479201
0 0.479367
0 0.479491
0 0.47968
0 0.479832
0 0.479984
0 0.480131
0 0.480283
0 0.480421
0 0.480648
0 0.480805
0 0.480985
0 0.481151
0 0.481332
0 0.48145
0 0.481616
0 0.481778
0 0.481953
0 0.482086
0 0.482286
0 0.482428
0 0.48258
0 0.482736
0 0.482883
0 0.483035
0 0.483197
0 0.483368
0 0.483543
0 0.483704
0 0.483871
0 0.484013
0 0.484169
0 0.484298
0 0.484487
0 0.484597
0 0.484701
0 0.484858
0 0.485
0 0.485128
0 0.485261
0 0.485375
0 0.485541
0 0.485707
0 0.48593
0 0.486096
0 0.486253
0 0.486395
0 0.486509
0 0.48667
0 0.486865
0 0.486988
0 0.487154
0 0.487301
0 0.487463
0 0.487634
0 0.487814
0 0.487966
0 0.488108
0 0.488236
0 0.488393
0 0.488559
0 0.488763
0 0.488934
0 0.489043
0 0.489185
0 0.489342
0 0.48948
0 0.489684
0 0.489878
0 0.490063
0 0.49022
0 0.490386
0 0.490519
0 0.490652
0 0.490784
0 0.490932
0 0.49106
0 0.49125
0 0.491378
0 0.491549
0 0.491696
0 0.491852
0 0.492028
0 0.49218
0 0.492322
0 0.492464
0 0.492687
0 0.492816
0 0.493015
0 0.493205
0 0.49338
0 0.493589
0 0.493817
0 0.494026
0 0.494187
0 0.494372
0 0.494543
0 0.494747
0 0.494899
0 0.495112
0 0.495288
0 0.495421
0 0.495563
0 0.495777
0 0.495971
0 0.496137
0 0.496389
0 0.49655
0 0.496716
0 0.49693
0 0.497063
0 0.497248
0 0.49739
0 0.497556
0 0.49776
0 0.497922
0 0.498078
0 0.498263
0 0.498396
0 0.498557
0 0.498705
0 0.498842
0 0.499051
0 0.499241
0 0.499426
0 0.499568
0 0.499635
0 0.499767
0 0.499905
0 0.500024
0 0.500161
0 0.500299
0 0.500465
0 0.500636
0 0.500826
0 0.500949
0 0.501129
0 0.501291
0 0.501443
0 0.501594
0 0.501803
0 0.501993
0 0.502107
0 0.502344
0 0.502463
0 0.502638
0 0.502752
0 0.502866
0 0.502999
0 0.503213
0 0.503331
0 0.503488
0 0.503587
0 0.503763
0 0.503934
0 0.504095
0 0.504276
0 0.504394
0 0.504565
0 0.504722
0 0.504883
0 0.505101
0 0.505296
0 0.505448
0 0.505581
0 0.505775
0 0.505941
0 0.506093
0 0.506231
0 0.506406
0 0.506553
0 0.5067
0 0.506852
0 0.50698
0 0.507128
0 0.507275
0 0.507441
0 0.50754
0 0.507706
0 0.507825
0 0.507986
0 0.508105
0 0.508238
0 0.508418
0 0.508561
0 0.508755
0 0.508888
0 0.509068
0 0.50923
0 0.509439
0 0.509624
0 0.509861
0 0.510008
0 0.510179
0 0.510364
0 0.510497
0 0.510682
0 0.510891
0 0.511038
0 0.511299
0 0.511451
0 0.511598
0 0.511759
0 0.511906
0 0.512058
0 0.512191
0 0.5123
0 0.512447
0 0.512656
0 0.512775
0 0.512903
0 0.513054
0 0.513206
0 0.513401
0 0.513595
0 0.51379
0 0.513951
0 0.514098
0 0.514231
0 0.514416
0 0.514616
0 0.514782
0 0.514943
0 0.515081
0 0.515266
0 0.515413
0 0.51556
0 0.51574
0 0.515892
0 0.516025
0 0.516196
0 0.516395
0 0.516595
0 0.516822
0 0.516969
0 0.517107
0 0.517283
0 0.517439
0 0.517586
0 0.517714
0 0.517866
0 0.518056
0 0.518298
0 0.518464
0 0.518654
0 0.518801
0 0.518986
0 0.519124
0 0.519247
0 0.519423
0 0.519641
0 0.519802
0 0.519949
0 0.520082
0 0.520253
0 0.520424
0 0.520633
0 0.520799
0 0.520951
0 0.521098
0 0.52125
0 0.521368
0 0.521563
0 0.521776
0 0.521957
0 0.522071
0 0.522208
0 0.522422
0 0.522569
0 0.522759
0 0.52293
0 0.523077
0 0.523262
0 0.523452
0 0.523622
0 0.523779
0 0.523936
0 0.524097
0 0.524254
0 0.524396
0 0.524534
0 0.524643
0 0.524818
0 0.525018
0 0.525174
0 0.525364
0 0.52554
0 0.525687
0 0.525829
0 0.526014
0 0.526166
0 0.526318
0 0.526541
0 0.526712
0 0.526864
0 0.527068
0 0.527248
0 0.527404
0 0.527571
0 0.527727
0 0.527936
0 0.528107
0 0.528282
0 0.528515
0 0.528662
0 0.528838
0 0.529051
0 0.529208
0 0.529426
0 0.529654
0 0.529796
0 0.529934
0 0.530071
0 0.530214
0 0.530399
0 0.530536
0 0.530717
0 0.530897
0 0.531068
0 0.531248
0 0.531429
0 0.531642
0 0.531841
0 0.532069
0 0.532235
0 0.532425
0 0.532648
0 0.532852
0 0.533061
0 0.533274
0 0.533474
0 0.533668
0 0.533811
0 0.533967
0 0.534129
0 0.534318
0 0.534489
0 0.534613
0 0.534807
0 0.534988
0 0.535135
0 0.535301
0 0.535457
0 0.535623
0 0.535804
0 0.535951
0 0.536093
0 0.536274
0 0.536463
0 0.536606
0 0.536777
0 0.536909
0 0.53708
0 0.537299
0 0.537503
0 0.53765
0 0.537821
0 0.538001
0 0.538148
0 0.538276
0 0.538475
0 0.538632
0 0.538784
0 0.538936
0 0.539126
0 0.539325
0 0.539548
0 0.539747
0 0.539923
0 0.540136
0 0.540307
0 0.540473
0 0.540639
0 0.540796
0 0.540929
0 0.541062
0 0.541218
0 0.541403
0 0.541588
0 0.541745
0 0.541968
0 0.54211
0 0.542272
0 0.542428
0 0.542556
0 0.542685
0 0.542912
0 0.543074
0 0.543226
0 0.543406
0 0.543562
0 0.543714
0 0.543857
0 0.543999
0 0.544203
0 0.544331
0 0.544526
0 0.544673
0 0.544905
0 0.545076
0 0.545247
0 0.545427
0 0.545584
0 0.54576
0 0.545902
0 0.546049
0 0.546234
0 0.546381
0 0.546533
0 0.546685
0 0.546832
0 0.546989
0 0.547155
0 0.54734
0 0.54752
0 0.547696
0 0.547852
0 0.548018
0 0.548199
0 0.54836
0 0.548574
0 0.548763
0 0.548963
0 0.549105
0 0.549262
0 0.549409
0 0.549575
0 0.549765
0 0.549959
0 0.550106
0 0.55031
0 0.550462
0 0.550595
0 0.550785
0 0.550941
0 0.551098
0 0.55124
0 0.551369
0 0.551544
0 0.551677
0 0.551829
0 0.552028
0 0.552185
0 0.552413
0 0.552607
0 0.552745
0 0.552939
0 0.553139
0 0.553295
0 0.553452
0 0.553585
0 0.553703
0 0.553879
0 0.554054
0 0.55422
0 0.554458
0 0.554657
0 0.554842
0 0.555117
0 0.55526
0 0.555421
0 0.555587
0 0.555739
0 0.555929
0 0.556095
0 0.556271
0 0.55647
0 0.556612
1 0.556745
1 0.556959
1 0.557115
1 0.557291
1 0.557476
1 0.557675
1 0.557903
1 0.558079
1 0.558254
1 0.558449
1 0.558643
1 0.558819
1 0.558956
1 0.559179
1 0.559393
1 0.559564
1 0.559739
1 0.55991
1 0.560043
1 0.560228
1 0.560423
1 0.560556
1 0.560764
1 0.560935
1 0.561149
1 0.561329
1 0.5615
1 0.561633
1 0.561804
1 0.561955
1 0.562093
1 0.562278
1 0.562468
1 0.562667
1 0.562867
1 0.563028
1 0.563184
1 0.56336
1 0.563512
1 0.563697
1 0.563873
1 0.564029
1 0.564153
1 0.564347
1 0.564537
1 0.564717
1 0.564874
1 0.565106
1 0.565277
1 0.565458
1 0.565614
1 0.565828
1 0.566065
1 0.56625
1 0.566407
1 0.566596
1 0.566739
1 0.566872
1 0.567042
1 0.567185
1 0.567384
1 0.56755
1 0.567707
1 0.567868
1 0.568053
1 0.568219
1 0.568419
1 0.568623
1 0.568798
1 0.56895
1 0.56913
1 0.569349
1 0.569543
1 0.569733
1 0.569899
1 0.570056
1 0.570222
1 0.570369
1 0.57053
1 0.570711
1 0.570877
1 0.571024
1 0.571223
1 0.571384
1 0.57157
1 0.571736
1 0.571887
1 0.572011
1 0.572201
1 0.572419
1 0.572595
1 0.572737
1 0.572927
1 0.573036
1 0.573211
1 0.573378
1 0.573539
1 0.573767
1 0.573966
1 0.574142
1 0.574327
1 0.574516
1 0.574716
1 0.57491
1 0.575114
1 0.575238
1 0.575437
1 0.575646
1 0.575769
1 0.575988
1 0.576163
1 0.57631
1 0.576562
1 0.576742
1 0.576856
1 0.577046
1 0.57725
1 0.577387
1 0.577516
1 0.577677
1 0.577881
1 0.577995
1 0.578189
1 0.57837
1 0.578602
1 0.578806
1 0.578953
1 0.579143
1 0.579371
1 0.579547
1 0.579727
1 0.579879
1 0.580073
1 0.580249
1 0.58042
1 0.580628
1 0.580747
1 0.580932
1 0.581141
1 0.581279
1 0.581497
1 0.581706
1 0.581872
1 0.582081
1 0.58227
1 0.582465
1 0.582617
1 0.582802
1 0.582992
1 0.583196
1 0.583352
1 0.583556
1 0.583746
1 0.58396
1 0.584206
1 0.584373
1 0.58452
1 0.584709
1 0.584876
1 0.585122
1 0.585331
1 0.585535
1 0.585744
1 0.585924
1 0.586071
1 0.586299
1 0.586479
1 0.586684
1 0.586859
1 0.587054
1 0.587191
1 0.587353
1 0.587519
1 0.587704
1 0.587846
1 0.588008
1 0.588169
1 0.588401
1 0.588525
1 0.588672
1 0.588895
1 0.589047
1 0.589246
1 0.589469
1 0.589668
1 0.589815
1 0.59002
1 0.5902
1 0.590352
1 0.590518
1 0.590708
1 0.590893
1 0.59104
1 0.591287
1 0.591472
1 0.591657
1 0.591922
1 0.592093
1 0.592297
1 0.592468
1 0.592724
1 0.592928
1 0.593137
1 0.593303
1 0.593436
1 0.593621
1 0.593821
1 0.593991
1 0.594172
1 0.594376
1 0.594542
1 0.594713
1 0.594893
1 0.595126
1 0.595282
1 0.595425
1 0.595614
1 0.595776
1 0.595942
1 0.596146
1 0.596336
1 0.596492
1 0.596677
1 0.596858
1 0.597033
1 0.597218
1 0.59737
1 0.597569
1 0.597745
1 0.597916
1 0.598125
1 0.598338
1 0.5985
1 0.598718
1 0.598851
1 0.599007
1 0.59915
1 0.599339
1 0.599581
1 0.599767
1 0.599952
1 0.600099
1 0.600255
1 0.60045
1 0.600711
1 0.600853
1 0.601029
1 0.6012
1 0.601342
1 0.601527
1 0.601669
1 0.601812
1 0.601973
1 0.602116
1 0.602258
1 0.602457
1 0.602656
1 0.602832
1 0.602974
1 0.603164
1 0.603349
1 0.603544
1 0.603753
1 0.603886
1 0.604085
1 0.604241
1 0.604407
1 0.604536
1 0.604768
1 0.604996
1 0.605176
1 0.605371
1 0.605561
1 0.605746
1 0.605902
1 0.606068
1 0.606325
1 0.606505
1 0.606676
1 0.606856
1 0.607032
1 0.607264
1 0.607459
1 0.607615
1 0.607815
1 0.608014
1 0.608142
1 0.608346
1 0.608555
1 0.608721
1 0.608863
1 0.609044
1 0.609219
1 0.609414
1 0.609585
1 0.609699
1 0.609865
1 0.610031
1 0.610202
1 0.610401
1 0.610614
1 0.610785
1 0.610985
1 0.611212
1 0.61145
1 0.611606
1 0.611753
1 0.611938
1 0.612133
1 0.612313
1 0.612475
1 0.612641
1 0.612821
1 0.612968
1 0.613153
1 0.613357
1 0.613542
1 0.613732
1 0.61395
1 0.614083
1 0.614264
1 0.61451
1 0.614653
1 0.614847
1 0.615009
1 0.615146
1 0.615346
1 0.615583
1 0.615773
1 0.615962
1 0.616162
1 0.616314
1 0.616508
1 0.616703
1 0.616912
1 0.61713
1 0.617258
1 0.617405
1 0.617652
1 0.61788
1 0.618084
1 0.618259
1 0.618511
1 0.618705
1 0.618924
1 0.619061
1 0.619218
1 0.619365
1 0.619564
1 0.619782
1 0.619915
1 0.620115
1 0.6203
1 0.620485
1 0.620641
1 0.620831
1 0.621021
1 0.621201
1 0.62142
1 0.621619
1 0.621809
1 0.62197
1 0.622165
1 0.622335
1 0.622521
1 0.622658
1 0.622834
1 0.623009
1 0.623194
1 0.623327
1 0.623517
1 0.623693
1 0.62392
1 0.624091
1 0.624205
1 0.624357
1 0.624518
1 0.62468
1 0.624832
1 0.624998
1 0.625126
1 0.625268
1 0.625448
1 0.625643
1 0.625842
1 0.626032
1 0.626203
1 0.626393
1 0.626568
1 0.626744
1 0.626891
1 0.6271
1 0.62728
1 0.627494
1 0.627655
1 0.627821
1 0.627987
1 0.628144
1 0.628338
1 0.628481
1 0.628661
1 0.628813
1 0.628984
1 0.629169
1 0.629363
1 0.629496
1 0.629715
1 0.629952
1 0.630108
1 0.630341
1 0.630483
1 0.630668
1 0.630872
1 0.631072
1 0.6312
1 0.631342
1 0.631513
1 0.631684
1 0.631788
1 0.631983
1 0.632154
1 0.632348
1 0.632543
1 0.632699
1 0.632899
1 0.633112
1 0.633283
1 0.633406
1 0.633568
1 0.633748
1 0.633938
1 0.634109
1 0.634256
1 0.634436
1 0.634659
1 0.634778
1 0.634949
1 0.635143
1 0.635319
1 0.635532
1 0.635708
1 0.635869
1 0.636054
1 0.636187
1 0.636391
1 0.636491
1 0.636666
1 0.636885
1 0.637037
1 0.637169
1 0.637364
1 0.637563
1 0.63772
1 0.637858
1 0.638019
1 0.638161
1 0.638313
1 0.638517
1 0.638698
1 0.638892
1 0.639049
1 0.639229
1 0.639409
1 0.639575
1 0.639722
1 0.639865
1 0.640078
1 0.640259
1 0.640425
1 0.640596
1 0.640762
1 0.640947
1 0.641165
1 0.641345
1 0.641507
1 0.641678
1 0.641867
1 0.642015
1 0.642204
1 0.642356
1 0.642565
1 0.642755
1 0.642964
1 0.643153
1 0.643305
1 0.643524
1 0.643704
1 0.643879
1 0.644017
1 0.644221
1 0.644378
1 0.644624
1 0.644828
1 0.645014
1 0.64518
1 0.645317
1 0.645517
1 0.645678
1 0.645858
1 0.646005
1 0.646176
1 0.646304
1 0.646499
1 0.646693
1 0.646864
1 0.646997
1 0.647177
1 0.647377
1 0.647576
1 0.647737
1 0.647899
1 0.648032
1 0.648155
1 0.648354
1 0.648492
1 0.648649
1 0.648843
1 0.649042
1 0.649218
1 0.649432
1 0.649579
1 0.649711
1 0.64992
1 0.650148
1 0.650267
1 0.650466
1 0.650656
1 0.650846
1 0.651054
1 0.651197
1 0.651391
1 0.651519
1 0.6517
1 0.651856
1 0.652037
1 0.652231
1 0.652397
1 0.652573
1 0.652758
1 0.652891
1 0.653043
1 0.653161
1 0.653308
1 0.653498
1 0.653631
1 0.653788
1 0.653963
1 0.654091
1 0.654253
1 0.654462
1 0.654647
1 0.654822
1 0.654936
1 0.655131
1 0.655292
1 0.655487
1 0.655653
1 0.655781
1 0.655933
1 0.656099
1 0.656298
1 0.656474
1 0.656654
1 0.656806
1 0.657
1 0.657209
1 0.657408
1 0.657598
1 0.65776
1 0.657907
1 0.658082
1 0.658272
1 0.658471
1 0.658628
1 0.658827
1 0.659017
1 0.659155
1 0.659316
1 0.659482
1 0.659729
1 0.659867
1 0.660047
1 0.660265
1 0.660412
1 0.660564
1 0.660721
1 0.660839
1 0.660996
1 0.661162
1 0.661347
1 0.661485
1 0.661622
1 0.661784
1 0.661964
1 0.662102
1 0.662244
1 0.662405
1 0.662595
1 0.662766
1 0.662942
1 0.663127
1 0.663316
1 0.663511
1 0.66372
1 0.663905
1 0.66408
1 0.664228
1 0.664351
1 0.664555
1 0.664712
1 0.664906
1 0.665101
1 0.665224
1 0.665357
1 0.665533
1 0.665694
1 0.665846
1 0.666064
1 0.666216
1 0.666382
1 0.666534
1 0.666762
1 0.666947
1 0.667084
1 0.66725
1 0.667402
1 0.667554
1 0.667715
1 0.667886
1 0.668048
1 0.668199
1 0.668375
1 0.668527
1 0.668664
1 0.668807
1 0.668963
1 0.669106
1 0.669262
1 0.669405
1 0.669599
1 0.669841
1 0.670007
1 0.670192
1 0.670344
1 0.670553
1 0.670719
1 0.670862
1 0.671042
1 0.67126
1 0.671403
1 0.671512
1 0.671687
1 0.671896
1 0.672081
1 0.672176
1 0.672366
1 0.672527
1 0.672745
1 0.672893
1 0.673049
1 0.673211
1 0.673362
1 0.673557
1 0.673737
1 0.673875
1 0.674017
1 0.674226
1 0.674406
1 0.674577
1 0.674705
1 0.674829
1 0.674981
1 0.675123
1 0.675303
1 0.675493
1 0.675645
1 0.675778
1 0.675896
1 0.676062
1 0.676248
1 0.67638
1 0.676513
1 0.676665
1 0.676888
1 0.677031
1 0.677235
1 0.677415
1 0.67761
1 0.677828
1 0.677994
1 0.67816
1 0.678312
1 0.678511
1 0.678748
1 0.678924
1 0.679142
1 0.679313
1 0.679517
1 0.679683
1 0.679802
1 0.680006
1 0.680177
1 0.68031
1 0.680466
1 0.680632
1 0.680851
1 0.680993
1 0.681121
1 0.681254
1 0.681444
1 0.681638
1 0.681743
1 0.681913
1 0.682103
1 0.682288
1 0.682454
1 0.682635
1 0.682744
1 0.68292
1 0.683071
1 0.683261
1 0.683423
1 0.683584
1 0.683731
1 0.683926
1 0.684077
1 0.684248
1 0.684386
1 0.684533
1 0.684685
1 0.684784
1 0.684951
1 0.685117
1 0.68534
1 0.685511
1 0.685658
1 0.685805
1 0.685961
1 0.686094
1 0.686275
1 0.686436
1 0.686592
1 0.686796
1 0.686953
1 0.687129
1 0.687299
1 0.687442
1 0.687646
1 0.687812
1 0.688002
1 0.688182
1 0.688353
1 0.688505
1 0.688742
1 0.688894
1 0.689074
1 0.689274
1 0.689435
1 0.689577
1 0.689777
1 0.689909
1 0.690076
1 0.690223
1 0.690389
1 0.690602
1 0.690735
1 0.69083
1 0.691006
1 0.691181
1 0.691338
1 0.691523
1 0.691698
1 0.691869
1 0.692083
1 0.692239
1 0.692372
1 0.692543
1 0.692676
1 0.692871
1 0.69306
1 0.693188
1 0.693326
1 0.693468
1 0.693654
1 0.69381
1 0.694014
1 0.694185
1 0.694327
1 0.694498
1 0.694664
1 0.694897
1 0.695101
1 0.695229
1 0.695376
1 0.695509
1 0.695661
1 0.695836
1 0.696002
1 0.696102
1 0.69624
1 0.696382
1 0.696529
1 0.696662
1 0.696809
1 0.696971
1 0.697122
1 0.697284
1 0.697407
1 0.697587
1 0.697758
1 0.69791
1 0.698053
1 0.698242
1 0.698427
1 0.698631
1 0.698835
1 0.699021
1 0.699187
1 0.699381
1 0.699576
1 0.699723
1 0.699889
1 0.70005
1 0.700245
1 0.700373
1 0.700549
1 0.70071
1 0.700881
1 0.701028
1 0.701199
1 0.70137
1 0.701574
1 0.701749
1 0.701915
1 0.702072
1 0.702238
1 0.702376
1 0.702523
1 0.70267
1 0.702845
1 0.702969
1 0.703116
1 0.703263
1 0.703405
1 0.7036
1 0.703737
1 0.703885
1 0.70406
1 0.704245
1 0.704388
1 0.70452
1 0.704677
1 0.704872
1 0.705042
1 0.705213
1 0.705356
1 0.705555
1 0.705721
1 0.705882
1 0.705996
1 0.706172
1 0.706286
1 0.706442
1 0.706613
1 0.70676
1 0.706931
1 0.707107
1 0.707268
1 0.707463
1 0.707662
1 0.707809
1 0.70797
1 0.708155
1 0.708359
1 0.708516
1 0.708663
1 0.708824
1 0.708976
1 0.709152
1 0.709337
1 0.709479
1 0.709641
1 0.709802
1 0.709973
1 0.710125
1 0.710296
1 0.710447
1 0.710651
1 0.710827
1 0.711031
1 0.711173
1 0.711392
1 0.711525
1 0.711638
1 0.711819
1 0.711961
1 0.712118
1 0.712279
1 0.712455
1 0.712626
1 0.71282
1 0.713048
1 0.713238
1 0.713385
1 0.713532
1 0.713693
1 0.713855
1 0.714044
1 0.714158
1 0.714258
1 0.714424
1 0.714562
1 0.714751
1 0.71488
1 0.715069
1 0.715259
1 0.715425
1 0.715549
1 0.715696
1 0.715867
1 0.716028
1 0.716151
1 0.716308
1 0.71646
1 0.716612
1 0.71674
1 0.716877
1 0.717024
1 0.717143
1 0.717304
1 0.717433
1 0.717537
1 0.71776
1 0.717926
1 0.718073
1 0.718211
1 0.718334
1 0.718515
1 0.718657
1 0.718813
1 0.718961
1 0.719117
1 0.719264
1 0.719402
1 0.719506
1 0.719663
1 0.719805
1 0.719938
1 0.720099
1 0.720228
1 0.720413
1 0.72056
1 0.720688
1 0.720863
1 0.721039
1 0.721177
1 0.72131
1 0.721471
1 0.721613
1 0.721775
1 0.721907
1 0.722078
1 0.722221
1 0.722415
1 0.722553
1 0.722643
1 0.722795
1 0.722918
1 0.723094
1 0.723227
1 0.723369
1 0.72353
1 0.72373
1 0.723839
1 0.723957
1 0.724124
1 0.724271
1 0.724441
1 0.724612
1 0.724764
1 0.724935
1 0.725096
1 0.725315
1 0.725452
1 0.725599
1 0.725813
1 0.72595
1 0.726055
1 0.726183
1 0.726373
1 0.726525
1 0.726677
1 0.726762
1 0.726914
1 0.727066
1 0.727217
1 0.727379
1 0.727559
1 0.727725
1 0.727849
2 0.727948
2 0.728143
2 0.728328
2 0.728522
2 0.728622
2 0.728807
2 0.728945
2 0.729101
2 0.72923
2 0.729381
2 0.729495
2 0.729657
2 0.729813
2 0.729975
2 0.730183
2 0.730378
2 0.730549
2 0.730667
2 0.730796
2 0.730933
2 0.731066
2 0.731156
2 0.731303
2 0.731474
2 0.731612
2 0.731721
2 0.731839
2 0.732025
2 0.732186
2 0.732309
2 0.732537
2 0.732646
2 0.732784
2 0.732936
2 0.733078
2 0.73322
2 0.733386
2 0.733562
2 0.733685
2 0.733856
2 0.733965
2 0.734155
2 0.73434
2 0.734511
2 0.734677
2 0.734843
2 0.735005
2 0.735128
2 0.735237
2 0.735389
2 0.735584
2 0.735712
2 0.735902
2 0.736063
2 0.736238
2 0.736452
2 0.736561
2 0.736699
2 0.736855
2 0.737026
2 0.737207
2 0.737373
2 0.737496
2 0.737672
2 0.737833
2 0.737971
2 0.738137
2 0.73835
2 0.738554
2 0.738701
2 0.738844
2 0.738981
2 0.739095
2 0.739242
2 0.739347
2 0.739442
2 0.739565
2 0.739722
2 0.739873
2 0.740021
2 0.740134
2 0.740263
2 0.74041
2 0.7405
2 0.740566
2 0.740723
2 0.740837
2 0.740993
2 0.74115
2 0.741235
2 0.741387
2 0.741539
2 0.7417
2 0.741862
2 0.741999
2 0.742113
2 0.742241
2 0.742393
2 0.742583
2 0.742716
2 0.742872
2 0.742972
2 0.743077
2 0.743247
2 0.743394
2 0.743527
2 0.743708
2 0.743831
2 0.743969
2 0.744135
2 0.744258
2 0.744381
2 0.744543
2 0.744671
2 0.744856
2 0.745003
2 0.745131
2 0.745269
2 0.745402
2 0.745549
2 0.74571
2 0.745862
2 0.74599
2 0.746142
2 0.746303
2 0.74646
2 0.746617
2 0.746745
2 0.746911
2 0.747034
2 0.747167
2 0.747295
2 0.747385
2 0.747528
2 0.747642
2 0.747803
2 0.747959
2 0.748064
2 0.748168
2 0.748296
2 0.748401
2 0.748519
2 0.748648
2 0.748771
2 0.748899
2 0.749018
2 0.749207
2 0.749364
2 0.749525
2 0.749734
2 0.749839
2 0.750009
2 0.750147
2 0.750294
2 0.750389
2 0.750536
2 0.750683
2 0.750887
2 0.751011
2 0.751196
2 0.751367
2 0.751504
2 0.751647
2 0.751779
2 0.751893
2 0.752059
2 0.752173
2 0.752311
2 0.752463
2 0.752596
2 0.752748
2 0.752923
2 0.753032
2 0.753179
2 0.753289
2 0.753402
2 0.753531
2 0.753673
2 0.753801
2 0.753991
2 0.754152
2 0.754247
2 0.754408
2 0.75457
2 0.754684
2 0.754817
2 0.754992
2 0.755101
2 0.755258
2 0.755372
2 0.755543
2 0.755699
2 0.755842
2 0.755955
2 0.756041
2 0.756183
2 0.756345
2 0.756468
2 0.756634
2 0.756791
2 0.756976
2 0.757109
2 0.757227
2 0.757351
2 0.757483
2 0.757588
2 0.757773
2 0.75793
2 0.758053
2 0.7582
2 0.75839
2 0.758527
2 0.758684
2 0.758817
2 0.758912
2 0.759035
2 0.759192
2 0.759382
2 0.759538
2 0.759666
2 0.759813
2 0.759975
2 0.760146
2 0.760302
2 0.76043
2 0.760549
2 0.760715
2 0.760848
2 0.76099
2 0.761142
2 0.761303
2 0.761474
2 0.761607
2 0.761707
2 0.76192
2 0.762011
2 0.762148
2 0.762234
2 0.762371
2 0.762499
2 0.762656
2 0.762784
2 0.762917
2 0.763017
2 0.763164
2 0.763363
2 0.76351
2 0.763614
2 0.763747
2 0.763856
2 0.76398
2 0.764089
2 0.764217
2 0.764369
2 0.764488
2 0.764625
2 0.764753
2 0.764881
2 0.765019
2 0.765166
2 0.765294
2 0.765389
2 0.765574
2 0.765688
2 0.765864
2 0.766035
2 0.766158
2 0.766296
2 0.766428
2 0.766533
2 0.766727
2 0.766851
2 0.767026
2 0.767188
2 0.767335
2 0.767477
2 0.767648
2 0.767748
2 0.7679
2 0.768061
2 0.768184
2 0.768303
2 0.768436
2 0.768573
2 0.768659
2 0.76882
2 0.768943
2 0.769057
2 0.769181
2 0.769328
2 0.76947
2 0.769636
2 0.769764
2 0.769878
2 0.770063
2 0.770173
2 0.770329
2 0.770472
2 0.770595
2 0.770695
2 0.770842
2 0.770956
2 0.771055
2 0.771193
2 0.771349
2 0.77152
2 0.771653
2 0.771819
2 0.771966
2 0.772128
2 0.772256
2 0.772436
2 0.772593
2 0.772749
2 0.772882
2 0.773029
2 0.773191
2 0.773295
2 0.773423
2 0.773528
2 0.773632
2 0.773769
2 0.773888
2 0.774045
2 0.774144
2 0.774249
2 0.774339
2 0.774429
2 0.774571
2 0.774695
2 0.774847
2 0.77498
2 0.77507
2 0.775174
2 0.775298
2 0.775411
2 0.775577
2 0.775677
2 0.775805
2 0.775891
2 0.776028
2 0.77618
2 0.776294
2 0.776379
2 0.776479
2 0.776593
2 0.776702
2 0.776868
2 0.777025
2 0.777162
2 0.77731
2 0.777419
2 0.777575
2 0.77767
2 0.777779
2 0.777936
2 0.778069
2 0.778173
2 0.778325
2 0.778425
2 0.778534
2 0.778676
2 0.778781
2 0.778904
2 0.779051
2 0.779212
2 0.77936
2 0.779469
2 0.779611
2 0.779758
2 0.77991
2 0.779991
2 0.7801
2 0.780233
2 0.780361
2 0.780498
2 0.780598
2 0.780684
2 0.780769
2 0.780873
2 0.780973
2 0.781125
2 0.781224
2 0.781353
2 0.781504
2 0.781623
2 0.781775
2 0.781913
2 0.782026
2 0.782159
2 0.782311
2 0.782435
2 0.782539
2 0.782639
2 0.782743
2 0.782866
2 0.782995
2 0.783132
2 0.783274
2 0.783412
2 0.783502
2 0.783597
2 0.783683
2 0.783806
2 0.783901
2 0.784015
2 0.784148
2 0.784243
2 0.784413
2 0.784551
2 0.784693
2 0.78484
2 0.784983
2 0.785097
2 0.785206
2 0.785334
2 0.785476
2 0.785576
2 0.785709
2 0.785799
2 0.785932
2 0.786093
2 0.786207
2 0.786307
2 0.786411
2 0.786525
2 0.786663
2 0.786777
2 0.78689
2 0.787038
2 0.787185
2 0.787299
2 0.787403
2 0.787503
2 0.787602
2 0.787716
2 0.787854
2 0.787972
2 0.788058
2 0.788167
2 0.788324
2 0.788437
2 0.788613
2 0.788779
2 0.788898
2 0.789035
2 0.789159
2 0.789282
2 0.789377
2 0.789477
2 0.789581
2 0.789671
2 0.789804
2 0.789927
2 0.790046
2 0.790165
2 0.79034
2 0.790445
2 0.790568
2 0.790687
2 0.790805
2 0.790924
2 0.791019
2 0.791147
2 0.791275
2 0.791384
2 0.791474
2 0.791565
2 0.791683
2 0.791769
2 0.791925
2 0.792058
2 0.792186
2 0.792314
2 0.792438
2 0.792518
2 0.792656
2 0.792784
2 0.792931
2 0.793036
2 0.793154
2 0.793259
2 0.793373
2 0.79352
2 0.793676
2 0.793823
2 0.79399
2 0.794094
2 0.794203
2 0.794307
2 0.794445
2 0.794554
2 0.794711
2 0.794867
2 0.795
2 0.795128
2 0.795247
2 0.795347
2 0.795446
2 0.795546
2 0.795665
2 0.795816
2 0.795987
2 0.796125
2 0.796296
2 0.796433
2 0.796552
2 0.796642
2 0.796813
2 0.796946
2 0.797074
2 0.797221
2 0.797302
2 0.797411
2 0.797506
2 0.797629
2 0.797748
2 0.797833
2 0.797938
2 0.798052
2 0.798165
2 0.798275
2 0.798369
2 0.798512
2 0.798645
2 0.79874
2 0.798882
2 0.799048
2 0.799186
2 0.799309
2 0.799442
2 0.799542
2 0.799636
2 0.799736
2 0.799879
2 0.800007
2 0.800116
2 0.80022
2 0.800334
2 0.800472
2 0.800609
2 0.800756
2 0.800851
2 0.801017
2 0.801146
2 0.801288
2 0.801411
2 0.801568
2 0.801696
2 0.801815
2 0.801933
2 0.802004
2 0.802123
2 0.802237
2 0.802351
2 0.802465
2 0.802579
2 0.802674
2 0.802754
2 0.802863
2 0.802963
2 0.803063
2 0.803196
2 0.803347
2 0.803433
2 0.803556
2 0.803675
2 0.803803
2 0.80395
2 0.804078
2 0.80424
2 0.804339
2 0.804439
2 0.804529
2 0.804624
2 0.804766
2 0.80488
2 0.804966
2 0.805094
2 0.805189
2 0.805307
2 0.805431
2 0.805568
2 0.805692
2 0.805791
2 0.805924
2 0.806052
2 0.80619
2 0.806285
2 0.806456
2 0.806565
2 0.806688
2 0.806802
2 0.806959
2 0.807077
2 0.80721
2 0.807348
2 0.807471
2 0.807594
2 0.807661
2 0.807789
2 0.807889
2 0.807993
2 0.808064
2 0.808145
2 0.808259
2 0.808344
2 0.808444
2 0.808529
2 0.808662
2 0.808805
2 0.808947
2 0.809061
2 0.809165
2 0.809289
2 0.809426
2 0.80954
2 0.809682
2 0.809787
2 0.809948
2 0.810053
2 0.8102
2 0.810295
2 0.810432
2 0.810527
2 0.810632
2 0.810741
2 0.810874
2 0.810983
2 0.811087
2 0.811206
2 0.811301
2 0.811429
2 0.811552
2 0.811642
2 0.811761
2 0.811856
2 0.81196
2 0.812103
2 0.812231
2 0.812345
2 0.81244
2 0.812572
2 0.812705
2 0.812824
2 0.812933
2 0.813071
2 0.813166
2 0.813251
2 0.81336
2 0.81345
2 0.813545
2 0.813688
2 0.813778
2 0.813887
2 0.813972
2 0.81411
2 0.814247
2 0.814366
2 0.814475
2 0.814589
2 0.814684
2 0.814812
2 0.814983
2 0.815092
2 0.815192
2 0.815306
2 0.815386
2 0.815505
2 0.8156
2 0.8157
2 0.815799
2 0.815937
2 0.816041
2 0.816169
2 0.816321
2 0.816435
2 0.81663
2 0.816767
2 0.816857
2 0.816957
2 0.817076
2 0.81719
2 0.817289
2 0.817394
2 0.81746
2 0.817598
2 0.817735
2 0.81783
2 0.817935
2 0.818072
2 0.818167
2 0.818295
2 0.818433
2 0.818499
2 0.81859
2 0.818713
2 0.818808
2 0.818907
2 0.819017
2 0.819126
2 0.81924
2 0.81933
2 0.819453
2 0.819558
2 0.819652
2 0.819738
2 0.819847
2 0.819956
2 0.820051
2 0.82017
2 0.820298
2 0.820378
2 0.820488
2 0.820545
2 0.820654
2 0.820772
2 0.820872
2 0.820981
2 0.821105
2 0.821228
2 0.821347
2 0.821432
2 0.821522
2 0.821593
2 0.821726
2 0.821812
2 0.821887
2 0.821987
2 0.822115
2 0.822205
2 0.822291
2 0.822353
2 0.822428
2 0.822552
2 0.822604
2 0.822761
2 0.822865
2 0.822927
2 0.822984
2 0.823107
2 0.823207
2 0.823283
2 0.823392
2 0.823515
2 0.823634
2 0.823743
2 0.823809
2 0.823942
2 0.824075
2 0.824227
2 0.82435
2 0.824455
2 0.824569
2 0.824701
2 0.824801
2 0.82491
2 0.824996
2 0.8251
2 0.825209
2 0.825333
2 0.825456
2 0.825575
2 0.825708
2 0.825817
2 0.825907
2 0.826016
2 0.826173
2 0.826305
2 0.826424
2 0.826571
2 0.826704
2 0.826789
2 0.826861
2 0.826989
2 0.827098
2 0.827207
2 0.827354
2 0.827487
2 0.827591
2 0.827724
2 0.827838
2 0.827952
2 0.828033
2 0.82817
2 0.828265
2 0.82836
2 0.828474
2 0.828578
2 0.828707
2 0.828825
2 0.828958
2 0.829077
2 0.829205
2 0.829319
2 0.829461
2 0.829551
2 0.82967
2 0.829765
2 0.829893
2 0.829964
2 0.830083
2 0.83022
2 0.830339
2 0.830477
2 0.830581
2 0.830671
2 0.830785
2 0.830908
2 0.831003
2 0.831103
2 0.831198
2 0.831326
2 0.831407
2 0.831521
2 0.831606
2 0.83172
2 0.831834
2 0.831943
2 0.832024
2 0.832119
2 0.832209
2 0.832285
2 0.83238
2 0.832489
2 0.832593
2 0.832674
2 0.832759
2 0.832864
2 0.832954
2 0.833034
2 0.833129
2 0.833234
2 0.833348
2 0.833433
2 0.833537
2 0.833661
2 0.833756
2 0.83387
2 0.834002
2 0.834083
2 0.834159
2 0.83424
2 0.834325
2 0.83442
2 0.834548
2 0.834629
2 0.834743
2 0.834847
2 0.834904
2 0.835042
2 0.835146
2 0.83525
2 0.835355
2 0.835421
2 0.83553
2 0.835644
2 0.83573
2 0.835839
2 0.836005
2 0.8361
2 0.836214
2 0.836271
2 0.836366
2 0.83647
2 0.836617
2 0.836679
2 0.83676
2 0.836864
2 0.836964
2 0.837082
2 0.837172
2 0.837263
2 0.837367
2 0.837486
2 0.837566
2 0.837623
2 0.837737
2 0.837889
2 0.837979
2 0.838083
2 0.838169
2 0.838316
2 0.838401
2 0.838477
2 0.838563
2 0.838677
2 0.8388
2 0.838914
2 0.838971
2 0.839089
2 0.839161
2 0.839241
2 0.839341
2 0.839436
2 0.839517
2 0.839588
2 0.839664
2 0.839773
2 0.839858
2 0.839958
2 0.840086
2 0.840209
2 0.840295
2 0.84038
2 0.840485
2 0.84056
2 0.840727
2 0.840826
2 0.840931
2 0.841059
2 0.841163
2 0.841253
2 0.841372
2 0.841453
2 0.841576
2 0.84169
2 0.841799
2 0.841899
2 0.841998
2 0.842146
2 0.842221
2 0.842312
2 0.842416
2 0.84252
2 0.842629
2 0.842682
2 0.842796
2 0.842867
2 0.842957
2 0.843061
2 0.843156
2 0.843246
2 0.84336
2 0.843441
2 0.843507
2 0.843598
2 0.843669
2 0.843783
2 0.843878
2 0.843977
2 0.844067
2 0.844186
2 0.844281
2 0.8444
2 0.844475
2 0.844566
2 0.844679
2 0.844812
2 0.844893
2 0.84494
2 0.84504
2 0.845088
2 0.845201
2 0.845315
2 0.84541
2 0.845538
2 0.84561
2 0.845676
2 0.845766
2 0.845852
2 0.845928
2 0.846022
2 0.846084
2 0.846146
2 0.846227
2 0.84634
2 0.846426
2 0.846497
2 0.846597
2 0.846687
2 0.846758
2 0.846839
2 0.846952
2 0.847066
2 0.847147
2 0.847223
2 0.847351
2 0.847456
2 0.847522
2 0.847631
2 0.847707
2 0.847802
2 0.847892
2 0.847963
2 0.848082
2 0.848172
2 0.848267
2 0.848348
2 0.848447
2 0.848538
2 0.848623
2 0.848699
2 0.848798
2 0.848874
2 0.848979
2 0.84905
2 0.849159
2 0.849249
2 0.84932
3 0.849425
3 0.84952
3 0.8496
3 0.849676
3 0.849795
3 0.849866
3 0.849966
3 0.850094
3 0.850175
3 0.850274
3 0.850341
3 0.850431
3 0.850493
3 0.850554
3 0.850635
3 0.850744
3 0.850863
3 0.850896
3 0.850977
3 0.851053
3 0.851162
3 0.851238
3 0.851328
3 0.851427
3 0.851532
3 0.851631
3 0.851693
3 0.851812
3 0.851911
3 0.852025
3 0.852082
3 0.852177
3 0.852301
3 0.85241
3 0.8525
3 0.852585
3 0.85268
3 0.852775
3 0.852841
3 0.852917
3 0.853027
3 0.85315
3 0.853273
3 0.853345
3 0.853401
3 0.853473
3 0.853596
3 0.853662
3 0.853743
3 0.8539
3 0.853957
3 0.854056
3 0.854113
3 0.854199
3 0.854327
3 0.85445
3 0.854559
3 0.854692
3 0.854768
3 0.854873
3 0.854963
3 0.855029
3 0.855119
3 0.855157
3 0.855247
3 0.855361
3 0.855456
3 0.855537
3 0.855594
3 0.855689
3 0.855784
3 0.855826
3 0.855912
3 0.856002
3 0.856078
3 0.856154
3 0.856244
3 0.856348
3 0.856443
3 0.856533
3 0.856657
3 0.856747
3 0.856832
3 0.856937
3 0.857032
3 0.857079
3 0.85715
3 0.85725
3 0.857388
3 0.857497
3 0.857606
3 0.857715
3 0.857772
3 0.857867
3 0.857981
3 0.858047
3 0.858137
3 0.858261
3 0.85837
3 0.858465
3 0.858555
3 0.858621
3 0.858688
3 0.858792
3 0.858873
3 0.858944
3 0.859029
3 0.85912
3 0.859219
3 0.8593
3 0.859414
3 0.859495
3 0.859608
3 0.859694
3 0.859737
3 0.859822
3 0.859903
3 0.860017
3 0.860126
3 0.860202
3 0.860311
3 0.860425
3 0.860486
3 0.860562
3 0.860633
3 0.860714
3 0.860795
3 0.860909
3 0.860994
3 0.861108
3 0.861155
3 0.861265
3 0.861355
3 0.861435
3 0.861488
3 0.861573
3 0.861649
3 0.861749
3 0.861886
3 0.861986
3 0.862076
3 0.86219
3 0.862271
3 0.862346
3 0.862432
3 0.862555
3 0.862617
3 0.862726
3 0.862812
3 0.862887
3 0.862973
3 0.863073
3 0.863182
3 0.863281
3 0.863338
3 0.863405
3 0.863476
3 0.863585
3 0.863666
3 0.863742
3 0.863856
3 0.863927
3 0.863998
3 0.864064
3 0.864145
3 0.864188
3 0.864254
3 0.864344
3 0.864444
3 0.864544
3 0.864601
3 0.864657
3 0.864724
3 0.864828
3 0.864914
3 0.865013
3 0.865142
3 0.865298
3 0.865412
3 0.865507
3 0.865597
3 0.865692
3 0.865773
3 0.865863
3 0.865948
3 0.866034
3 0.866143
3 0.866233
3 0.866333
3 0.866394
3 0.866456
3 0.866546
3 0.866598
3 0.866684
3 0.866779
3 0.866831
3 0.866926
3 0.867002
3 0.867097
3 0.867163
3 0.867248
3 0.867334
3 0.86741
3 0.867509
3 0.867595
3 0.867671
3 0.867756
3 0.867899
3 0.868012
3 0.868098
3 0.868193
3 0.868288
3 0.868354
3 0.868435
3 0.868534
3 0.868625
3 0.868701
3 0.868753
3 0.868848
3 0.868928
3 0.869018
3 0.869094
3 0.869185
3 0.869279
3 0.86936
3 0.869417
3 0.869507
3 0.869607
3 0.869697
3 0.869787
3 0.869863
3 0.869944
3 0.870039
3 0.870081
3 0.870148
3 0.870214
3 0.870285
3 0.870357
3 0.870456
3 0.870551
3 0.870637
3 0.870741
3 0.870855
3 0.870997
3 0.871073
3 0.871106
3 0.871187
3 0.871258
3 0.871348
3 0.871424
3 0.8715
3 0.8716
3 0.871681
3 0.87178
3 0.871851
3 0.871913
3 0.871994
3 0.872079
3 0.872179
3 0.87225
3 0.87234
3 0.872411
3 0.872497
3 0.872563
3 0.872672
3 0.872758
3 0.872848
3 0.872952
3 0.873057
3 0.873185
3 0.873289
3 0.873356
3 0.873403
3 0.873484
3 0.873546
3 0.873621
3 0.873693
3 0.873754
3 0.873835
3 0.873916
3 0.873987
3 0.874101
3 0.874186
3 0.874257
3 0.874319
3 0.8744
3 0.874438
3 0.874509
3 0.87458
3 0.874665
3 0.874727
3 0.874817
3 0.874888
3 0.874955
3 0.875031
3 0.875083
3 0.875159
3 0.875273
3 0.87533
3 0.875396
3 0.875434
3 0.875529
3 0.875633
3 0.875681
3 0.875762
3 0.875833
3 0.875894
3 0.876008
3 0.876065
3 0.876132
3 0.876198
3 0.876265
3 0.876345
3 0.876397
3 0.876459
3 0.876554
3 0.876644
3 0.876673
3 0.876744
3 0.876839
3 0.876915
3 0.876976
3 0.877048
3 0.877119
3 0.877176
3 0.877228
3 0.877299
3 0.877403
3 0.877465
3 0.877579
3 0.877665
3 0.87774
3 0.877831
3 0.877916
3 0.878044
3 0.878153
3 0.878239
3 0.878296
3 0.878372
3 0.878452
3 0.878504
3 0.878585
3 0.87868
3 0.87877
3 0.878841
3 0.878917
3 0.879022
3 0.879107
3 0.879159
3 0.87923
3 0.879359
3 0.879411
3 0.879482
3 0.879548
3 0.879615
3 0.87971
3 0.879795
3 0.879857
3 0.879928
3 0.879985
3 0.880075
3 0.880118
3 0.88018
3 0.880246
3 0.880341
3 0.880393
3 0.880479
3 0.880559
3 0.880659
3 0.880744
3 0.88082
3 0.880858
3 0.880944
3 0.880986
3 0.881057
3 0.881143
3 0.881205
3 0.88128
3 0.881356
3 0.881475
3 0.881522
3 0.881603
3 0.881689
3 0.88175
3 0.88185
3 0.88195
3 0.882016
3 0.882059
3 0.882111
3 0.882182
3 0.882253
3 0.882329
3 0.8824
3 0.882462
3 0.882552
3 0.882638
3 0.882714
3 0.88278
3 0.882837
3 0.882937
3 0.882998
3 0.883093
3 0.883131
3 0.883183
3 0.883274
3 0.88334
3 0.883444
3 0.88353
3 0.883634
3 0.883729
3 0.883772
3 0.883829
3 0.883909
3 0.883985
3 0.884057
3 0.884123
3 0.884208
3 0.884318
3 0.884389
3 0.88445
3 0.884545
3 0.884616
3 0.884678
3 0.884778
3 0.88483
3 0.884878
3 0.88493
3 0.884987
3 0.885048
3 0.885077
3 0.885176
3 0.885257
3 0.885314
3 0.885352
3 0.885404
3 0.885452
3 0.885518
3 0.885603
3 0.885708
3 0.88576
3 0.885827
3 0.885902
3 0.885988
3 0.886031
3 0.886083
3 0.886159
3 0.88622
3 0.886268
3 0.88632
3 0.886358
3 0.886429
3 0.886524
3 0.886605
3 0.886671
3 0.886757
3 0.886833
3 0.88688
3 0.886913
3 0.887037
3 0.887127
3 0.887174
3 0.88726
3 0.88735
3 0.88744
3 0.887497
3 0.887568
3 0.887663
3 0.887715
3 0.887782
3 0.88782
3 0.887919
3 0.887986
3 0.888085
3 0.888166
3 0.888261
3 0.888365
3 0.888436
3 0.888517
3 0.888612
3 0.888721
3 0.888769
3 0.888864
3 0.888944
3 0.889011
3 0.889063
3 0.889129
3 0.889201
3 0.889276
3 0.889357
3 0.889409
3 0.889499
3 0.889561
3 0.889613
3 0.889661
3 0.889741
3 0.889836
3 0.889874
3 0.88996
3 0.89005
3 0.890121
3 0.890216
3 0.890263
3 0.890311
3 0.890387
3 0.890434
3 0.890529
3 0.8906
3 0.890672
3 0.890743
3 0.89079
3 0.890876
3 0.890923
3 0.890994
3 0.891065
3 0.891141
3 0.891217
3 0.891293
3 0.891345
3 0.89144
3 0.891554
3 0.891625
3 0.891716
3 0.891782
3 0.891867
3 0.891934
3 0.892024
3 0.892067
3 0.89219
3 0.892247
3 0.892318
3 0.89238
3 0.892442
3 0.892489
3 0.892551
3 0.892622
3 0.892707
3 0.892741
3 0.892821
3 0.892902
3 0.892978
3 0.893025
3 0.893077
3 0.893172
3 0.893229
3 0.8933
3 0.893329
3 0.893381
3 0.893438
3 0.893514
3 0.893576
3 0.893647
3 0.89368
3 0.893742
3 0.893803
3 0.893884
3 0.893941
3 0.894055
3 0.894121
3 0.894178
3 0.89424
3 0.89434
3 0.894392
3 0.894482
3 0.894553
3 0.894634
3 0.894696
3 0.894776
3 0.894843
3 0.894923
3 0.895004
3 0.89509
3 0.895199
3 0.895275
3 0.895351
3 0.895441
3 0.895512
3 0.895555
3 0.895607
3 0.895668
3 0.895759
3 0.895887
3 0.895948
3 0.896034
3 0.896077
3 0.896157
3 0.896243
3 0.896319
3 0.896375
3 0.896447
3 0.896504
3 0.89658
3 0.896655
3 0.896731
3 0.896784
3 0.896841
3 0.896888
3 0.896997
3 0.897097
3 0.897159
3 0.897258
3 0.897329
3 0.897391
3 0.897453
3 0.897552
3 0.897614
3 0.897685
3 0.897747
3 0.897828
3 0.897899
3 0.897984
3 0.898027
3 0.898117
3 0.898202
3 0.898259
3 0.898321
3 0.898411
3 0.898459
3 0.898525
3 0.898592
3 0.898615
3 0.898663
3 0.898729
3 0.898791
3 0.898848
3 0.898943
3 0.899
3 0.899099
3 0.899171
3 0.899237
3 0.899303
3 0.899341
3 0.899384
3 0.899465
3 0.899531
3 0.899579
3 0.89964
3 0.899688
3 0.899759
3 0.899835
3 0.899897
3 0.899939
3 0.900025
3 0.900077
3 0.900162
3 0.900224
3 0.900314
3 0.900385
3 0.900452
3 0.900523
3 0.900575
3 0.900642
3 0.900727
3 0.900798
3 0.900855
3 0.900922
3 0.900983
3 0.901035
3 0.901092
3 0.901159
3 0.90123
3 0.901254
3 0.901344
3 0.901391
3 0.901467
3 0.901534
3 0.9016
3 0.901676
3 0.901733
3 0.90179
3 0.901852
3 0.901923
3 0.901985
3 0.902022
3 0.902084
3 0.902179
3 0.902227
3 0.902298
3 0.902364
3 0.902407
3 0.902478
3 0.902601
3 0.902644
3 0.902687
3 0.90273
3 0.902796
3 0.902867
3 0.902934
3 0.903005
3 0.903071
3 0.903119
3 0.90318
3 0.903199
3 0.903256
3 0.903289
3 0.903337
3 0.903413
3 0.903508
3 0.903607
3 0.90365
3 0.903712
3 0.903764
3 0.90384
3 0.903887
3 0.903978
3 0.904063
3 0.904139
3 0.904201
3 0.904258
3 0.904348
3 0.904438
3 0.90449
3 0.904571
3 0.904632
3 0.904704
3 0.904784
3 0.904836
3 0.904865
3 0.904931
3 0.904998
3 0.905041
3 0.905116
3 0.905154
3 0.905268
3 0.90533
3 0.905377
3 0.905425
3 0.905472
3 0.905515
3 0.905591
3 0.905657
3 0.905705
3 0.905776
3 0.905824
3 0.905923
3 0.905994
3 0.906066
3 0.906122
3 0.906184
3 0.906246
3 0.906298
3 0.90635
3 0.906388
3 0.906445
3 0.906507
3 0.90655
3 0.906602
3 0.906649
3 0.906735
3 0.906792
3 0.906839
3 0.906891
3 0.906958
3 0.90701
3 0.907105
3 0.907152
3 0.907195
3 0.907247
3 0.907299
3 0.907361
3 0.907399
3 0.90747
3 0.907532
3 0.907589
3 0.907646
3 0.907722
3 0.907798
3 0.907874
3 0.90793
3 0.908002
3 0.908087
3 0.908177
3 0.908225
3 0.908301
3 0.908343
3 0.908395
3 0.908462
3 0.908528
3 0.908604
3 0.908652
3 0.908732
3 0.908842
3 0.908908
3 0.908965
3 0.909017
3 0.909088
3 0.909131
3 0.909231
3 0.909311
3 0.909359
3 0.90942
3 0.909463
3 0.909511
3 0.909558
3 0.909625
3 0.909705
3 0.909776
3 0.909838
3 0.909886
3 0.909923
3 0.909985
3 0.910061
3 0.910123
3 0.910161
3 0.910232
3 0.910289
3 0.910351
3 0.910426
3 0.910474
3 0.910507
3 0.91055
3 0.910578
3 0.91065
3 0.910711
3 0.910801
3 0.910863
3 0.910939
3 0.91101
3 0.911096
3 0.911138
3 0.911167
3 0.911195
3 0.911266
3 0.911333
3 0.911409
3 0.911504
3 0.911565
3 0.911608
3 0.911637
3 0.911717
3 0.911779
3 0.911845
3 0.911883
3 0.91194
3 0.911978
3 0.912026
3 0.912083
3 0.912135
3 0.912216
3 0.912301
3 0.912367
3 0.912448
3 0.91251
3 0.912552
3 0.912586
3 0.912633
3 0.912681
3 0.912747
3 0.912804
3 0.912918
3 0.912984
3 0.913041
3 0.913093
3 0.913155
3 0.913222
3 0.913269
3 0.913331
3 0.913383
3 0.913426
3 0.913506
3 0.913568
3 0.91362
3 0.913682
3 0.913777
3 0.913824
3 0.913881
3 0.913919
3 0.913971
3 0.914028
3 0.914071
3 0.914128
3 0.914171
3 0.914237
3 0.914294
3 0.91436
3 0.914417
3 0.914512
3 0.914583
3 0.914626
3 0.914674
3 0.914764
3 0.914811
3 0.914873
3 0.914954
3 0.915001
3 0.915067
3 0.915134
3 0.9152
3 0.915281
3 0.915324
3 0.915343
3 0.915414
3 0.915471
3 0.91558
3 0.915646
3 0.915708
3 0.915732
3 0.915784
3 0.915817
3 0.915888
3 0.915931
3 0.915988
3 0.91604
3 0.916097
3 0.91613
3 0.916168
3 0.916244
3 0.916311
3 0.916382
3 0.916425
3 0.916486
3 0.916505
3 0.916558
3 0.9166
3 0.916633
3 0.916652
3 0.916724
3 0.91679
3 0.916823
3 0.91688
3 0.916937
3 0.917004
3 0.917099
3 0.917151
3 0.917246
3 0.917269
3 0.917303
3 0.917355
3 0.917459
3 0.917526
3 0.917583
3 0.917658
3 0.917715
3 0.917768
3 0.917815
3 0.917877
3 0.917934
3 0.917972
3 0.918043
3 0.918119
3 0.918157
3 0.918247
3 0.91829
3 0.918337
3 0.918408
3 0.918465
3 0.918536
3 0.918584
3 0.91865
3 0.918683
3 0.918731
3 0.918783
3 0.918845
3 0.918902
3 0.918968
3 0.918987
3 0.919025
3 0.919073
3 0.919149
3 0.919196
3 0.919272
3 0.91931
3 0.919348
3 0.919405
3 0.919485
3 0.919542
3 0.919647
3 0.919708
3 0.919756
3 0.919803
3 0.919846
3 0.919879
3 0.919941
3 0.919988
3 0.920036
3 0.920098
3 0.920145
3 0.920221
3 0.920278
3 0.92033
3 0.920397
3 0.920458
3 0.920506
3 0.920558
3 0.920629
3 0.920667
3 0.920748
3 0.920828
3 0.920871
3 0.920928
3 0.921004
3 0.92107
3 0.921113
3 0.921146
3 0.921217
3 0.921284
3 0.921341
3 0.921403
3 0.921445
3 0.921478
3 0.921516
4 0.921592
4 0.921645
4 0.921697
4 0.921735
4 0.921796
4 0.921868
4 0.921934
4 0.921996
4 0.922048
4 0.92211
4 0.922143
4 0.92219
4 0.922257
4 0.922285
4 0.922342
4 0.922399
4 0.922451
4 0.922494
4 0.922556
4 0.922613
4 0.922655
4 0.922712
4 0.922779
4 0.922836
4 0.922878
4 0.922935
4 0.923016
4 0.923082
4 0.92312
4 0.923177
4 0.923234
4 0.923282
4 0.923339
4 0.923396
4 0.923424
4 0.923467
4 0.923509
4 0.923557
4 0.923623
4 0.923676
4 0.923733
4 0.923766
4 0.923832
4 0.923884
4 0.923941
4 0.923994
4 0.924055
4 0.924107
4 0.924145
4 0.924226
4 0.924264
4 0.92433
4 0.924416
4 0.924468
4 0.924515
4 0.924553
4 0.924615
4 0.924648
4 0.924696
4 0.924739
4 0.924786
4 0.924833
4 0.924886
4 0.924943
4 0.925004
4 0.925038
4 0.92509
4 0.925151
4 0.925194
4 0.925261
4 0.925313
4 0.925336
4 0.925422
4 0.925479
4 0.925512
4 0.925578
4 0.92564
4 0.925692
4 0.925749
4 0.925778
4 0.92583
4 0.925868
4 0.925915
4 0.925958
4 0.926024
4 0.926077
4 0.926162
4 0.926214
4 0.926252
4 0.926295
4 0.926357
4 0.926395
4 0.926437
4 0.926485
4 0.926532
4 0.92658
4 0.926641
4 0.926665
4 0.926713
4 0.926774
4 0.926822
4 0.926855
4 0.926917
4 0.926959
4 0.926988
4 0.927002
4 0.927054
4 0.927102
4 0.927144
4 0.927197
4 0.927249
4 0.927315
4 0.927348
4 0.927391
4 0.927453
4 0.927481
4 0.927496
4 0.927534
4 0.927576
4 0.927628
4 0.927671
4 0.927714
4 0.927757
4 0.92778
4 0.927818
4 0.927875
4 0.927904
4 0.927942
4 0.927999
4 0.928079
4 0.928117
4 0.928174
4 0.928198
4 0.928226
4 0.928302
4 0.92835
4 0.928397
4 0.928445
4 0.928506
4 0.928563
4 0.928625
4 0.928663
4 0.928701
4 0.928739
4 0.928801
4 0.928876
4 0.928933
4 0.928962
4 0.929009
4 0.929066
4 0.929114
4 0.929156
4 0.929199
4 0.929256
4 0.929313
4 0.929365
4 0.929408
4 0.929446
4 0.929489
4 0.929522
4 0.92956
4 0.929636
4 0.929678
4 0.929726
4 0.929778
4 0.929826
4 0.929883
4 0.92993
4 0.929996
4 0.930039
4 0.930096
4 0.930148
4 0.930196
4 0.930253
4 0.930291
4 0.930352
4 0.9304
4 0.930433
4 0.93049
4 0.930499
4 0.930542
4 0.930618
4 0.930665
4 0.930708
4 0.930779
4 0.930827
4 0.930865
4 0.930912
4 0.930993
4 0.931031
4 0.931078
4 0.931116
4 0.931154
4 0.931197
4 0.93124
4 0.931301
4 0.931344
4 0.931368
4 0.93141
4 0.931472
4 0.931496
4 0.931543
4 0.931586
4 0.931653
4 0.931695
4 0.931766
4 0.931809
4 0.931857
4 0.931913
4 0.931966
4 0.932018
4 0.932056
4 0.932122
4 0.932194
4 0.932217
4 0.932241
4 0.932279
4 0.932317
4 0.932364
4 0.932383
4 0.932445
4 0.932492
4 0.932526
4 0.932549
4 0.932573
4 0.932611
4 0.932659
4 0.932682
4 0.93273
4 0.932796
4 0.932863
4 0.932915
4 0.932972
4 0.933029
4 0.933067
4 0.933133
4 0.933204
4 0.933228
4 0.93329
4 0.933318
4 0.933347
4 0.93338
4 0.933442
4 0.933484
4 0.933522
4 0.933555
4 0.933603
4 0.933665
4 0.933698
4 0.93375
4 0.933797
4 0.933845
4 0.933907
4 0.933964
4 0.934002
4 0.934044
4 0.934058
4 0.934106
4 0.934149
4 0.934196
4 0.934244
4 0.934319
4 0.934372
4 0.934391
4 0.934438
4 0.934481
4 0.934571
4 0.934633
4 0.934675
4 0.934728
4 0.934761
4 0.934808
4 0.934841
4 0.934884
4 0.934913
4 0.934965
4 0.935003
4 0.935074
4 0.935131
4 0.935155
4 0.935188
4 0.935264
4 0.935321
4 0.935368
4 0.935411
4 0.935444
4 0.935482
4 0.935548
4 0.935582
4 0.935624
4 0.935658
4 0.9357
4 0.935748
4 0.935772
4 0.935833
4 0.935885
4 0.935947
4 0.93599
4 0.936023
4 0.936094
4 0.936137
4 0.936175
4 0.936218
4 0.936265
4 0.936317
4 0.936355
4 0.936412
4 0.936464
4 0.936483
4 0.936517
4 0.936569
4 0.936616
4 0.936649
4 0.936697
4 0.936725
4 0.936763
4 0.936787
4 0.936825
4 0.936863
4 0.93691
4 0.936953
4 0.936977
4 0.937005
4 0.937043
4 0.937062
4 0.9371
4 0.937133
4 0.937195
4 0.937238
4 0.937285
4 0.937333
4 0.937385
4 0.937413
4 0.937456
4 0.937494
4 0.937542
4 0.937565
4 0.937627
4 0.937674
4 0.937703
4 0.937741
4 0.937793
4 0.937822
4 0.937883
4 0.937926
4 0.937969
4 0.938002
4 0.93803
4 0.938078
4 0.938111
4 0.938177
4 0.938201
4 0.938253
4 0.938329
4 0.938362
4 0.938429
4 0.938443
4 0.938481
4 0.9385
4 0.938557
4 0.938595
4 0.938642
4 0.938676
4 0.938723
4 0.938756
4 0.938818
4 0.938875
4 0.938908
4 0.93897
4 0.939013
4 0.93906
4 0.939093
4 0.939122
4 0.939174
4 0.939212
4 0.93925
4 0.939312
4 0.939354
4 0.939397
4 0.93944
4 0.939478
4 0.939544
4 0.939582
4 0.939625
4 0.939667
4 0.939743
4 0.939791
4 0.939838
4 0.939871
4 0.939909
4 0.939924
4 0.939962
4 0.940019
4 0.940076
4 0.940128
4 0.940161
4 0.940185
4 0.940227
4 0.940275
4 0.940322
4 0.94037
4 0.940422
4 0.94046
4 0.940498
4 0.940531
4 0.94056
4 0.940612
4 0.940659
4 0.940726
4 0.940768
4 0.94083
4 0.940877
4 0.940925
4 0.940963
4 0.941025
4 0.941086
4 0.941162
4 0.94121
4 0.941252
4 0.94129
4 0.941352
4 0.941376
4 0.941409
4 0.941423
4 0.94149
4 0.941532
4 0.941604
4 0.941632
4 0.941665
4 0.941703
4 0.941774
4 0.941798
4 0.941841
4 0.941884
4 0.941926
4 0.941959
4 0.942016
4 0.942064
4 0.942083
4 0.942126
4 0.942159
4 0.942201
4 0.942239
4 0.942282
4 0.942292
4 0.942334
4 0.942372
4 0.94241
4 0.942448
4 0.942491
4 0.942529
4 0.942567
4 0.942629
4 0.942667
4 0.942681
4 0.942742
4 0.942757
4 0.942799
4 0.942837
4 0.94288
4 0.942937
4 0.943013
4 0.94306
4 0.943094
4 0.943141
4 0.943208
4 0.943231
4 0.943283
4 0.943336
4 0.943345
4 0.943378
4 0.943435
4 0.943492
4 0.94354
4 0.943597
4 0.94362
4 0.943668
4 0.943701
4 0.943782
4 0.94381
4 0.943877
4 0.943915
4 0.943953
4 0.943995
4 0.944057
4 0.9441
4 0.944138
4 0.944176
4 0.944214
4 0.944261
4 0.944294
4 0.944327
4 0.944361
4 0.944394
4 0.944427
4 0.944446
4 0.94446
4 0.944512
4 0.944541
4 0.944584
4 0.944631
4 0.944683
4 0.944707
4 0.944745
4 0.944778
4 0.944807
4 0.944878
4 0.94493
4 0.944959
4 0.945011
4 0.945044
4 0.945063
4 0.945144
4 0.945182
4 0.94522
4 0.945253
4 0.945262
4 0.945314
4 0.945348
4 0.945376
4 0.945419
4 0.945471
4 0.945514
4 0.945547
4 0.945585
4 0.945642
4 0.94568
4 0.945699
4 0.945718
4 0.945742
4 0.945803
4 0.945817
4 0.94586
4 0.945884
4 0.945917
4 0.945931
4 0.94596
4 0.945984
4 0.94605
4 0.946121
4 0.946159
4 0.946207
4 0.94624
4 0.946283
4 0.94633
4 0.946349
4 0.946411
4 0.946425
4 0.946468
4 0.946505
4 0.946548
4 0.946562
4 0.9466
4 0.946624
4 0.946648
4 0.946691
4 0.946733
4 0.946752
4 0.946781
4 0.9468
4 0.946823
4 0.946852
4 0.946885
4 0.946928
4 0.946956
4 0.946999
4 0.947037
4 0.94708
4 0.947113
4 0.947132
4 0.94717
4 0.947203
4 0.947255
4 0.947317
4 0.94736
4 0.947388
4 0.947431
4 0.947478
4 0.947521
4 0.94755
4 0.947583
4 0.947621
4 0.947654
4 0.947682
4 0.94773
4 0.947754
4 0.947792
4 0.947834
4 0.947872
4 0.947891
4 0.947915
4 0.947939
4 0.947958
4 0.947981
4 0.948005
4 0.948043
4 0.948067
4 0.948109
4 0.948152
4 0.948195
4 0.948266
4 0.948299
4 0.948332
4 0.948385
4 0.948427
4 0.948461
4 0.948494
4 0.948546
4 0.948574
4 0.948608
4 0.948665
4 0.948717
4 0.948745
4 0.948793
4 0.948812
4 0.948873
4 0.948916
4 0.948964
4 0.948978
4 0.949021
4 0.949049
4 0.949111
4 0.949134
4 0.949187
4 0.949206
4 0.949258
4 0.949301
4 0.949334
4 0.949357
4 0.949395
4 0.949433
4 0.94949
4 0.949514
4 0.949571
4 0.949614
4 0.949652
4 0.949685
4 0.949713
4 0.949751
4 0.94978
4 0.949813
4 0.949841
4 0.94987
4 0.949927
4 0.949951
4 0.949974
4 0.950008
4 0.950041
4 0.950069
4 0.950103
4 0.950145
4 0.950174
4 0.950202
4 0.95024
4 0.950273
4 0.950311
4 0.950387
4 0.950406
4 0.95043
4 0.950454
4 0.950487
4 0.95052
4 0.950539
4 0.950563
4 0.950596
4 0.950662
4 0.950681
4 0.950719
4 0.950753
4 0.950795
4 0.950848
4 0.950876
4 0.9509
4 0.950919
4 0.950938
4 0.950966
4 0.951009
4 0.951023
4 0.951042
4 0.951075
4 0.951109
4 0.951146
4 0.95118
4 0.951208
4 0.951256
4 0.951289
4 0.951341
4 0.95137
4 0.951388
4 0.951412
4 0.951431
4 0.951474
4 0.951502
4 0.951512
4 0.95154
4 0.951564
4 0.951583
4 0.951612
4 0.95164
4 0.951673
4 0.951721
4 0.951744
4 0.951787
4 0.951839
4 0.951868
4 0.951906
4 0.951929
4 0.951972
4 0.952005
4 0.952039
4 0.952072
4 0.952105
4 0.952138
4 0.952195
4 0.952214
4 0.952271
4 0.952309
4 0.95238
4 0.952404
4 0.952437
4 0.95247
4 0.952504
4 0.952551
4 0.952599
4 0.952637
4 0.952675
4 0.952717
4 0.95275
4 0.952793
4 0.95285
4 0.952883
4 0.952921
4 0.95294
4 0.952964
4 0.95303
4 0.953068
4 0.953092
4 0.953135
4 0.953163
4 0.953192
4 0.953225
4 0.953253
4 0.953272
4 0.953301
4 0.953334
4 0.953386
4 0.953415
4 0.953443
4 0.953476
4 0.953495
4 0.953505
4 0.953529
4 0.953567
4 0.9536
4 0.953614
4 0.953647
4 0.953676
4 0.953704
4 0.953747
4 0.953785
4 0.953842
4 0.953866
4 0.953894
4 0.953946
4 0.953975
4 0.954013
4 0.954036
4 0.954065
4 0.954098
4 0.954131
4 0.954169
4 0.954202
4 0.954245
4 0.954278
4 0.954345
4 0.954383
4 0.954416
4 0.95444
4 0.954463
4 0.954487
4 0.954525
4 0.954558
4 0.954611
4 0.954653
4 0.954691
4 0.95472
4 0.954767
4 0.954815
4 0.954819
4 0.954872
4 0.9549
4 0.954943
4 0.954962
4 0.954985
4 0.955023
4 0.955057
4 0.95508
4 0.955085
4 0.955123
4 0.955147
4 0.955194
4 0.955227
4 0.955251
4 0.95528
4 0.955313
4 0.955341
4 0.95537
4 0.955389
4 0.955427
4 0.955446
4 0.955479
4 0.955498
4 0.955522
4 0.95555
4 0.955574
4 0.955631
4 0.955659
4 0.955674
4 0.955688
4 0.955702
4 0.955726
4 0.955754
4 0.955792
4 0.955811
4 0.955849
4 0.955887
4 0.955935
4 0.955977
4 0.956001
4 0.956034
4 0.956072
4 0.956091
4 0.956124
4 0.956129
4 0.956153
4 0.9562
4 0.956243
4 0.956271
4 0.956305
4 0.956343
4 0.956371
4 0.95639
4 0.956414
4 0.956447
4 0.95648
4 0.956509
4 0.956532
4 0.95657
4 0.956608
4 0.956651
4 0.956684
4 0.956699
4 0.956718
4 0.956737
4 0.956784
4 0.956808
4 0.956841
4 0.956874
4 0.956903
4 0.956941
4 0.956974
4 0.957016
4 0.95705
4 0.957088
4 0.957135
4 0.957192
4 0.957216
4 0.957254
4 0.957277
4 0.957315
4 0.957353
4 0.957391
4 0.95741
4 0.957429
4 0.957472
4 0.957486
4 0.957515
4 0.957557
4 0.957581
4 0.957619
4 0.957681
4 0.957719
4 0.957733
4 0.957771
4 0.957809
4 0.957837
4 0.957885
4 0.957918
4 0.957928
4 0.957942
4 0.95798
4 0.958023
4 0.958079
4 0.958103
4 0.958136
4 0.95817
4 0.958208
4 0.958246
4 0.958269
4 0.958293
4 0.958312
4 0.958345
4 0.958383
4 0.958412
4 0.958445
4 0.958469
4 0.958497
4 0.958521
4 0.958573
4 0.95862
4 0.958654
4 0.958692
4 0.958739
4 0.958782
4 0.958829
4 0.958891
4 0.95891
4 0.958948
4 0.958981
4 0.959029
4 0.959052
4 0.95909
4 0.959119
4 0.959133
4 0.959171
4 0.95919
4 0.959209
4 0.959218
4 0.959247
4 0.95929
4 0.959332
4 0.959351
4 0.959375
4 0.959399
4 0.959413
4 0.959427
4 0.959451
4 0.959465
4 0.959517
4 0.95955
4 0.959603
4 0.959622
4 0.959641
4 0.959664
4 0.959679
4 0.959707
4 0.959717
4 0.95975
4 0.959793
4 0.959816
4 0.959845
4 0.959902
4 0.959916
4 0.95993
4 0.959949
4 0.959992
4 0.960016
4 0.960068
4 0.960082
4 0.960096
4 0.960125
4 0.960144
4 0.960177
4 0.960201
4 0.960243
4 0.960267
4 0.960291
4 0.960324
4 0.960352
4 0.960376
4 0.9604
4 0.960443
4 0.960476
4 0.96049
4 0.960523
4 0.960547
4 0.960599
4 0.960618
4 0.960632
4 0.960656
4 0.960675
4 0.960704
4 0.960742
4 0.960765
4 0.96078
4 0.960803
4 0.960832
4 0.960884
4 0.960898
4 0.960927
4 0.960941
4 0.960969
4 0.960984
4 0.961031
4 0.96106
4 0.961079
4 0.961102
4 0.961131
4 0.96115
4 0.961159
5 0.961183
5 0.961211
5 0.961254
5 0.961292
5 0.961325
5 0.961358
5 0.961373
5 0.961387
5 0.961425
5 0.961439
5 0.961458
5 0.961496
5 0.96152
5 0.961563
5 0.961596
5 0.961615
5 0.961629
5 0.961662
5 0.961691
5 0.961719
5 0.961752
5 0.961767
5 0.961795
5 0.961828
5 0.961847
5 0.961857
5 0.96189
5 0.961928
5 0.961961
5 0.961999
5 0.962013
5 0.962051
5 0.962066
5 0.96207
5 0.962099
5 0.962132
5 0.962156
5 0.96217
5 0.962198
5 0.962227
5 0.962265
5 0.962289
5 0.962331
5 0.96236
5 0.962384
5 0.962402
5 0.962431
5 0.96245
5 0.962478
5 0.962502
5 0.962512
5 0.962531
5 0.962569
5 0.962602
5 0.962621
5 0.962645
5 0.962678
5 0.962706
5 0.96273
5 0.962754
5 0.962773
5 0.962796
5 0.962815
5 0.962844
5 0.962853
5 0.962877
5 0.962891
5 0.962924
5 0.962967
5 0.962996
5 0.963024
5 0.963048
5 0.963076
5 0.9631
5 0.963129
5 0.963143
5 0.963157
5 0.96319
5 0.963214
5 0.963233
5 0.963285
5 0.963328
5 0.963361
5 0.963385
5 0.963404
5 0.963446
5 0.963475
5 0.963499
5 0.963527
5 0.96356
5 0.96357
5 0.963598
5 0.963646
5 0.963655
5 0.963665
5 0.963674
5 0.963693
5 0.963707
5 0.963741
5 0.963769
5 0.963788
5 0.963817
5 0.96384
5 0.963869
5 0.963878
5 0.963902
5 0.963921
5 0.963973
5 0.963997
5 0.964016
5 0.96404
5 0.964101
5 0.96413
5 0.964144
5 0.964177
5 0.964215
5 0.964244
5 0.964267
5 0.964291
5 0.964358
5 0.964391
5 0.964424
5 0.964443
5 0.964471
5 0.964509
5 0.964519
5 0.964552
5 0.964562
5 0.964585
5 0.964609
5 0.964657
5 0.964685
5 0.964709
5 0.964756
5 0.964799
5 0.964823
5 0.96487
5 0.964899
5 0.964974
5 0.965012
5 0.965055
5 0.965074
5 0.965117
5 0.96515
5 0.965164
5 0.965188
5 0.965226
5 0.965254
5 0.965273
5 0.965283
5 0.965307
5 0.965321
5 0.965349
5 0.965359
5 0.965378
5 0.965402
5 0.965425
5 0.965449
5 0.965468
5 0.965511
5 0.965544
5 0.965558
5 0.965577
5 0.965596
5 0.965639
5 0.965658
5 0.965667
5 0.965696
5 0.96572
5 0.965772
5 0.9658
5 0.965824
5 0.965871
5 0.965909
5 0.965938
5 0.965952
5 0.965985
5 0.966037
5 0.96608
5 0.966123
5 0.966161
5 0.966199
5 0.966237
5 0.96627
5 0.966298
5 0.966327
5 0.966355
5 0.966389
5 0.966412
5 0.966431
5 0.966441
5 0.966455
5 0.966488
5 0.966512
5 0.96655
5 0.966588
5 0.966612
5 0.966626
5 0.966654
5 0.966688
5 0.966711
5 0.966721
5 0.966744
5 0.966773
5 0.966801
5 0.96683
5 0.966844
5 0.966854
5 0.966863
5 0.966896
5 0.96693
5 0.966949
5 0.966982
5 0.966996
5 0.967024
5 0.967043
5 0.967072
5 0.967077
5 0.96711
5 0.967129
5 0.967148
5 0.967157
5 0.967167
5 0.967195
5 0.967224
5 0.967247
5 0.967281
5 0.9673
5 0.967323
5 0.967347
5 0.967371
5 0.96739
5 0.967433
5 0.967452
5 0.967471
5 0.967499
5 0.967527
5 0.967546
5 0.96757
5 0.967594
5 0.967603
5 0.967618
5 0.967646
5 0.96766
5 0.967679
5 0.967708
5 0.967736
5 0.96777
5 0.967788
5 0.967807
5 0.967841
5 0.96785
5 0.967855
5 0.96786
5 0.967864
5 0.967883
5 0.967917
5 0.967931
5 0.967959
5 0.967983
5 0.968011
5 0.968035
5 0.968054
5 0.968078
5 0.968102
5 0.968135
5 0.968178
5 0.968211
5 0.968239
5 0.968258
5 0.968282
5 0.968306
5 0.968329
5 0.968339
5 0.968372
5 0.968386
5 0.968429
5 0.968472
5 0.968486
5 0.968505
5 0.968529
5 0.968562
5 0.968571
5 0.968586
5 0.968595
5 0.968614
5 0.968643
5 0.968652
5 0.968676
5 0.968704
5 0.968723
5 0.968747
5 0.968785
5 0.968809
5 0.968828
5 0.968851
5 0.968866
5 0.968908
5 0.968927
5 0.968946
5 0.968975
5 0.968989
5 0.969013
5 0.969027
5 0.969046
5 0.969093
5 0.969117
5 0.969127
5 0.969146
5 0.969169
5 0.969188
5 0.969217
5 0.969241
5 0.969269
5 0.969297
5 0.969321
5 0.969359
5 0.969364
5 0.969369
5 0.969392
5 0.969416
5 0.969449
5 0.969473
5 0.969478
5 0.969521
5 0.96954
5 0.969568
5 0.969596
5 0.969611
5 0.969639
5 0.969663
5 0.969696
5 0.969706
5 0.96972
5 0.969739
5 0.969782
5 0.969801
5 0.969824
5 0.969857
5 0.969886
5 0.969938
5 0.969952
5 0.969981
5 0.97
5 0.970038
5 0.970071
5 0.970085
5 0.970137
5 0.970161
5 0.970185
5 0.970199
5 0.970223
5 0.970261
5 0.970285
5 0.970308
5 0.970332
5 0.970346
5 0.970389
5 0.970427
5 0.970446
5 0.970465
5 0.970503
5 0.970531
5 0.97055
5 0.970569
5 0.970574
5 0.970593
5 0.970617
5 0.970636
5 0.97065
5 0.970683
5 0.970707
5 0.97075
5 0.970769
5 0.970788
5 0.970816
5 0.97084
5 0.970863
5 0.970897
5 0.97092
5 0.970963
5 0.970992
5 0.97102
5 0.97103
5 0.971049
5 0.971072
5 0.971096
5 0.971139
5 0.971158
5 0.971186
5 0.971215
5 0.971224
5 0.971262
5 0.971291
5 0.971314
5 0.971333
5 0.971343
5 0.971366
5 0.971376
5 0.971404
5 0.971428
5 0.971447
5 0.97149
5 0.971514
5 0.971528
5 0.971537
5 0.971571
5 0.971599
5 0.971623
5 0.971637
5 0.97167
5 0.971684
5 0.971718
5 0.971732
5 0.971746
5 0.971765
5 0.971779
5 0.971794
5 0.971822
5 0.971836
5 0.971851
5 0.971855
5 0.971874
5 0.971912
5 0.971936
5 0.97195
5 0.971983
5 0.972002
5 0.972012
5 0.972026
5 0.97204
5 0.972064
5 0.972078
5 0.972116
5 0.972135
5 0.97214
5 0.972154
5 0.972159
5 0.972168
5 0.972192
5 0.972211
5 0.972221
5 0.972244
5 0.972273
5 0.972297
5 0.972311
5 0.972325
5 0.972339
5 0.972354
5 0.972358
5 0.972368
5 0.972396
5 0.972406
5 0.972434
5 0.972448
5 0.972458
5 0.972486
5 0.972501
5 0.97251
5 0.972524
5 0.972548
5 0.972567
5 0.972596
5 0.972624
5 0.972643
5 0.972667
5 0.972671
5 0.972686
5 0.972705
5 0.972719
5 0.972738
5 0.972757
5 0.972785
5 0.972809
5 0.972838
5 0.972861
5 0.97288
5 0.97289
5 0.972928
5 0.972947
5 0.972956
5 0.97297
5 0.972975
5 0.972994
5 0.973027
5 0.973042
5 0.973065
5 0.973089
5 0.973118
5 0.973132
5 0.97316
5 0.97317
5 0.973189
5 0.973198
5 0.973227
5 0.973246
5 0.973265
5 0.973288
5 0.973312
5 0.973345
5 0.973369
5 0.973378
5 0.973383
5 0.973402
5 0.973421
5 0.973445
5 0.973478
5 0.973502
5 0.973516
5 0.973549
5 0.973573
5 0.973587
5 0.973625
5 0.973654
5 0.973663
5 0.973682
5 0.973692
5 0.973711
5 0.973725
5 0.97373
5 0.973734
5 0.973753
5 0.973763
5 0.973787
5 0.97381
5 0.973825
5 0.973844
5 0.973877
5 0.973891
5 0.973915
5 0.973924
5 0.973948
5 0.973981
5 0.974005
5 0.974033
5 0.974043
5 0.974086
5 0.974095
5 0.974124
5 0.974138
5 0.974157
5 0.97418
5 0.974199
5 0.974223
5 0.974237
5 0.974242
5 0.974247
5 0.974252
5 0.974261
5 0.97429
5 0.974299
5 0.974318
5 0.974337
5 0.974361
5 0.974404
5 0.974413
5 0.974427
5 0.974446
5 0.97447
5 0.974479
5 0.974494
5 0.974546
5 0.974555
5 0.974584
5 0.974598
5 0.974622
5 0.974641
5 0.97466
5 0.974683
5 0.974688
5 0.974698
5 0.974712
5 0.974726
5 0.97475
5 0.974788
5 0.974807
5 0.974835
5 0.974878
5 0.974897
5 0.974916
5 0.97493
5 0.974935
5 0.974959
5 0.974978
5 0.975011
5 0.975025
5 0.975068
5 0.975087
5 0.975096
5 0.975125
5 0.975144
5 0.975153
5 0.975168
5 0.975191
5 0.975205
5 0.97521
5 0.975234
5 0.975243
5 0.975267
5 0.975277
5 0.975296
5 0.975315
5 0.975348
5 0.975372
5 0.975395
5 0.975414
5 0.975447
5 0.975457
5 0.975495
5 0.975509
5 0.975533
5 0.975552
5 0.975561
5 0.975609
5 0.975623
5 0.975647
5 0.975656
5 0.97568
5 0.975708
5 0.975713
5 0.975732
5 0.975746
5 0.975775
5 0.975803
5 0.975822
5 0.975841
5 0.97586
5 0.975875
5 0.975894
5 0.975908
5 0.975922
5 0.975946
5 0.975969
5 0.975974
5 0.975988
5 0.976007
5 0.976022
5 0.976036
5 0.976055
5 0.976083
5 0.976112
5 0.976121
5 0.976136
5 0.97615
5 0.976159
5 0.976183
5 0.976207
5 0.976211
5 0.976221
5 0.976245
5 0.976254
5 0.976278
5 0.976316
5 0.976335
5 0.976363
5 0.976392
5 0.976411
5 0.976425
5 0.976439
5 0.976444
5 0.976453
5 0.976463
5 0.976487
5 0.976496
5 0.97652
5 0.976544
5 0.976563
5 0.976567
5 0.976577
5 0.976596
5 0.976605
5 0.976624
5 0.976634
5 0.976653
5 0.976677
5 0.976714
5 0.976729
5 0.976743
5 0.976767
5 0.97679
5 0.976819
5 0.976838
5 0.976857
5 0.976866
5 0.976881
5 0.976904
5 0.976919
5 0.976947
5 0.976976
5 0.976994
5 0.977013
5 0.977032
5 0.977042
5 0.977066
5 0.97708
5 0.977089
5 0.977104
5 0.977142
5 0.977156
5 0.97717
5 0.977175
5 0.977189
5 0.977203
5 0.977232
5 0.977251
5 0.977255
5 0.977265
5 0.97727
5 0.977289
5 0.977293
5 0.977298
5 0.977308
5 0.977331
5 0.977355
5 0.97736
5 0.977379
5 0.977398
5 0.977412
5 0.977422
5 0.977426
5 0.977441
5 0.977455
5 0.977479
5 0.977493
5 0.977507
5 0.977526
5 0.97754
5 0.977564
5 0.977597
5 0.977611
5 0.977645
5 0.977659
5 0.977673
5 0.977683
5 0.977687
5 0.977706
5 0.977725
5 0.97774
5 0.977763
5 0.977792
5 0.977811
5 0.977825
5 0.977858
5 0.977863
5 0.977868
5 0.977877
5 0.977891
5 0.977906
5 0.977934
5 0.977967
5 0.977982
5 0.977991
5 0.978015
5 0.978038
5 0.978043
5 0.978067
5 0.978076
5 0.978091
5 0.978105
5 0.978133
5 0.978148
5 0.978171
5 0.978186
5 0.9782
5 0.978214
5 0.978228
5 0.978233
5 0.978252
5 0.978276
5 0.978304
5 0.978314
5 0.978328
5 0.978333
5 0.978356
5 0.978375
5 0.978385
5 0.978399
5 0.978409
5 0.978428
5 0.978437
5 0.978456
5 0.978466
5 0.97847
5 0.978494
5 0.978513
5 0.978532
5 0.978537
5 0.978556
5 0.978565
5 0.97857
5 0.978598
5 0.978627
5 0.978632
5 0.978655
5 0.978679
5 0.978689
5 0.978703
5 0.978717
5 0.978722
5 0.978736
5 0.978741
5 0.97875
5 0.97876
5 0.978788
5 0.978802
5 0.978807
5 0.978812
5 0.978826
5 0.97884
5 0.978864
5 0.978869
5 0.978893
5 0.978897
5 0.978907
5 0.978916
5 0.978945
5 0.978959
5 0.978973
5 0.978992
5 0.979016
5 0.97904
5 0.979054
5 0.979082
5 0.979097
5 0.979135
5 0.979144
5 0.979158
5 0.979187
5 0.979192
5 0.979206
5 0.97922
5 0.979239
5 0.979253
5 0.979263
5 0.979291
5 0.979301
5 0.97932
5 0.979334
5 0.979339
5 0.979353
5 0.979372
5 0.979386
5 0.979396
5 0.979415
5 0.979438
5 0.979476
5 0.979491
5 0.9795
5 0.97951
5 0.979519
5 0.979524
5 0.979538
5 0.979548
5 0.979557
5 0.979566
5 0.979585
5 0.97959
5 0.9796
5 0.979619
5 0.979628
5 0.979638
5 0.979642
5 0.979676
5 0.979695
5 0.979709
5 0.979714
5 0.979728
5 0.979742
5 0.979766
5 0.979775
5 0.979794
5 0.979799
5 0.979818
5 0.979837
5 0.979856
5 0.97987
5 0.979875
5 0.979903
5 0.979918
5 0.979927
5 0.979946
5 0.979965
5 0.979975
5 0.979984
5 0.979994
5 0.980013
5 0.980027
5 0.980055
5 0.980065
5 0.980079
5 0.980103
5 0.980112
5 0.980126
5 0.980141
5 0.98015
5 0.98016
5 0.980174
5 0.980202
5 0.980212
5 0.980217
5 0.980231
5 0.980245
5 0.980259
5 0.980292
5 0.980316
5 0.980335
5 0.980349
5 0.980368
5 0.980378
5 0.980387
5 0.980402
5 0.980416
5 0.980425
5 0.980435
5 0.98044
5 0.980449
5 0.980468
5 0.980492
5 0.98053
5 0.980549
5 0.980558
5 0.980568
5 0.980591
5 0.98061
5 0.980629
5 0.980644
5 0.980653
5 0.980667
5 0.980682
5 0.980701
5 0.98071
5 0.980715
5 0.980729
5 0.980758
5 0.980762
5 0.980767
5 0.980781
5 0.980796
5 0.980819
5 0.980838
5 0.980881
5 0.980905
5 0.980909
5 0.980914
5 0.980919
5 0.980943
5 0.980947
5 0.980952
5 0.980962
5 0.980981
5 0.98099
5 0.980995
5 0.981004
5 0.981019
5 0.981033
5 0.981052
5 0.981061
5 0.981075
5 0.981094
5 0.981109
5 0.981118
5 0.981123
5 0.981128
5 0.981142
5 0.981161
5 0.981175
5 0.981194
5 0.981199
5 0.981213
5 0.981227
5 0.981237
5 0.981246
5 0.981256
5 0.981265
5 0.981284
5 0.981294
5 0.981303
5 0.981322
5 0.981336
5 0.981351
6 0.981374
6 0.981403
6 0.981417
6 0.981441
6 0.98146
6 0.981474
6 0.981498
6 0.981522
6 0.981536
6 0.98155
6 0.981564
6 0.981578
6 0.981593
6 0.981616
6 0.981645
6 0.981654
6 0.981659
6 0.981673
6 0.981683
6 0.981707
6 0.981721
6 0.98173
6 0.981735
6 0.98174
6 0.981754
6 0.981764
6 0.981778
6 0.981787
6 0.981821
6 0.981825
6 0.981839
6 0.981868
6 0.981873
6 0.981887
6 0.981892
6 0.981911
6 0.981925
6 0.98193
6 0.981944
6 0.981958
6 0.981968
6 0.98202
6 0.982025
6 0.982044
6 0.982058
6 0.982067
6 0.982082
6 0.982096
6 0.982105
6 0.98211
6 0.982124
6 0.982134
6 0.982148
6 0.982157
6 0.982172
6 0.982181
6 0.982191
6 0.9822
6 0.982233
6 0.982248
6 0.982271
6 0.98229
6 0.9823
6 0.982319
6 0.982324
6 0.982342
6 0.982352
6 0.982366
6 0.98239
6 0.982404
6 0.982414
6 0.982433
6 0.982442
6 0.98248
6 0.98249
6 0.982499
6 0.982523
6 0.982547
6 0.982575
6 0.982589
6 0.982603
6 0.982608
6 0.982637
6 0.982651
6 0.982656
6 0.982694
6 0.982708
6 0.982722
6 0.982746
6 0.98276
6 0.982765
6 0.98277
6 0.982789
6 0.982798
6 0.982817
6 0.982822
6 0.982845
6 0.98285
6 0.982864
6 0.982883
6 0.982898
6 0.982912
6 0.982926
6 0.982936
6 0.982945
6 0.982978
6 0.983012
6 0.983021
6 0.983035
6 0.98305
6 0.983064
6 0.983069
6 0.983083
6 0.983088
6 0.983092
6 0.983102
6 0.983116
6 0.983121
6 0.983126
6 0.983135
6 0.983144
6 0.983149
6 0.983154
6 0.983163
6 0.983178
6 0.983201
6 0.983211
6 0.983216
6 0.98323
6 0.983244
6 0.983254
6 0.983258
6 0.983273
6 0.983277
6 0.983306
6 0.98332
6 0.983334
6 0.983339
6 0.983353
6 0.983363
6 0.983372
6 0.983382
6 0.983386
6 0.983405
6 0.983415
6 0.983434
6 0.983453
6 0.983462
6 0.983477
6 0.983481
6 0.983491
6 0.983496
6 0.98351
6 0.983529
6 0.983534
6 0.983548
6 0.983557
6 0.983562
6 0.983572
6 0.983576
6 0.983586
6 0.983595
6 0.983605
6 0.983609
6 0.983624
6 0.983629
6 0.983647
6 0.983662
6 0.983676
6 0.98369
6 0.9837
6 0.983709
6 0.983723
6 0.983728
6 0.983733
6 0.983742
6 0.983747
6 0.983752
6 0.983761
6 0.983776
6 0.98379
6 0.983804
6 0.983818
6 0.983823
6 0.983828
6 0.983837
6 0.983847
6 0.983852
6 0.983861
6 0.983866
6 0.98388
6 0.983885
6 0.983899
6 0.983908
6 0.983923
6 0.983927
6 0.983932
6 0.983937
6 0.983942
6 0.983984
6 0.983989
6 0.984008
6 0.984027
6 0.984032
6 0.984046
6 0.98406
6 0.984079
6 0.984098
6 0.984113
6 0.984132
6 0.984136
6 0.98415
6 0.984155
6 0.984165
6 0.984179
6 0.984188
6 0.984198
6 0.984207
6 0.984226
6 0.984236
6 0.984245
6 0.98426
6 0.984264
6 0.984269
6 0.984288
6 0.984307
6 0.984326
6 0.98434
6 0.98435
6 0.984359
6 0.984378
6 0.984388
6 0.984397
6 0.984407
6 0.984426
6 0.98444
6 0.984454
6 0.984473
6 0.984487
6 0.984497
6 0.984516
6 0.98453
6 0.984559
6 0.984573
6 0.984582
6 0.984592
6 0.984597
6 0.984606
6 0.984616
6 0.984635
6 0.984639
6 0.984658
6 0.984668
6 0.984672
6 0.984691
6 0.984706
6 0.98472
6 0.984739
6 0.984744
6 0.984753
6 0.984772
6 0.984791
6 0.984796
6 0.984815
6 0.984834
6 0.984839
6 0.984867
6 0.984877
6 0.984886
6 0.984891
6 0.984905
6 0.984919
6 0.984938
6 0.984967
6 0.984981
6 0.985005
6 0.985033
6 0.985043
6 0.985052
6 0.985066
6 0.985076
6 0.98509
6 0.985104
6 0.985114
6 0.985133
6 0.985138
6 0.985147
6 0.985161
6 0.985166
6 0.98519
6 0.985204
6 0.985209
6 0.985228
6 0.985242
6 0.985247
6 0.985251
6 0.985256
6 0.98528
6 0.985289
6 0.985308
6 0.985318
6 0.985323
6 0.985327
6 0.985342
6 0.985356
6 0.98538
6 0.985389
6 0.985399
6 0.985403
6 0.985408
6 0.985413
6 0.985417
6 0.985427
6 0.985432
6 0.985446
6 0.985451
6 0.98546
6 0.985484
6 0.985498
6 0.985503
6 0.985522
6 0.985527
6 0.985531
6 0.985536
6 0.98555
6 0.985569
6 0.985584
6 0.985588
6 0.985603
6 0.985607
6 0.985612
6 0.985626
6 0.985631
6 0.985655
6 0.985678
6 0.985688
6 0.985712
6 0.985721
6 0.985726
6 0.985735
6 0.985745
6 0.985773
6 0.985802
6 0.985811
6 0.985816
6 0.985821
6 0.985826
6 0.985845
6 0.985854
6 0.985868
6 0.985887
6 0.985892
6 0.985916
6 0.98594
6 0.985944
6 0.985954
6 0.985968
6 0.985977
6 0.985992
6 0.986006
6 0.98602
6 0.986044
6 0.986068
6 0.986072
6 0.986087
6 0.98611
6 0.98612
6 0.986134
6 0.986139
6 0.986158
6 0.986167
6 0.986172
6 0.986181
6 0.986196
6 0.986215
6 0.986224
6 0.986253
6 0.986257
6 0.986262
6 0.986291
6 0.986305
6 0.986319
6 0.986338
6 0.986343
6 0.986352
6 0.986357
6 0.986371
6 0.98639
6 0.986405
6 0.986414
6 0.986419
6 0.986428
6 0.986433
6 0.986447
6 0.986452
6 0.986466
6 0.986476
6 0.98649
6 0.986495
6 0.986499
6 0.986504
6 0.986533
6 0.986542
6 0.986566
6 0.986571
6 0.986575
6 0.98658
6 0.986585
6 0.986599
6 0.986618
6 0.986647
6 0.986651
6 0.986656
6 0.986666
6 0.986685
6 0.986704
6 0.986737
6 0.986765
6 0.986775
6 0.986784
6 0.986789
6 0.986803
6 0.986808
6 0.986813
6 0.986836
6 0.986846
6 0.986851
6 0.986879
6 0.986889
6 0.986893
6 0.986908
6 0.986912
6 0.986917
6 0.986922
6 0.986931
6 0.986936
6 0.986946
6 0.98696
6 0.986969
6 0.986983
6 0.986988
6 0.987002
6 0.987007
6 0.987012
6 0.987017
6 0.987021
6 0.987045
6 0.987074
6 0.987078
6 0.987097
6 0.987107
6 0.987131
6 0.98714
6 0.98715
6 0.987154
6 0.987159
6 0.987173
6 0.987183
6 0.987192
6 0.987197
6 0.987202
6 0.987211
6 0.987221
6 0.987235
6 0.98724
6 0.987244
6 0.987254
6 0.987263
6 0.987301
6 0.987306
6 0.987316
6 0.987325
6 0.987344
6 0.987354
6 0.987358
6 0.987377
6 0.987387
6 0.987396
6 0.987401
6 0.987406
6 0.98742
6 0.987425
6 0.987444
6 0.987453
6 0.987458
6 0.987477
6 0.987482
6 0.987496
6 0.987501
6 0.98752
6 0.987524
6 0.987543
6 0.987562
6 0.987572
6 0.987581
6 0.987586
6 0.987596
6 0.98761
6 0.987619
6 0.987638
6 0.987648
6 0.987662
6 0.987676
6 0.987691
6 0.987695
6 0.9877
6 0.98771
6 0.987724
6 0.987728
6 0.987743
6 0.987752
6 0.987762
6 0.987776
6 0.987781
6 0.98779
6 0.9878
6 0.987804
6 0.987809
6 0.987828
6 0.987833
6 0.987847
6 0.987857
6 0.987861
6 0.987876
6 0.987895
6 0.987918
6 0.987923
6 0.987933
6 0.987937
6 0.987947
6 0.987952
6 0.987956
6 0.987971
6 0.987975
6 0.987985
6 0.987994
6 0.988013
6 0.988018
6 0.988032
6 0.988042
6 0.988056
6 0.988061
6 0.988075
6 0.988084
6 0.988089
6 0.988118
6 0.988122
6 0.988141
6 0.988151
6 0.988156
6 0.988175
6 0.988184
6 0.988189
6 0.988203
6 0.988213
6 0.988222
6 0.988231
6 0.988236
6 0.98825
6 0.988274
6 0.988279
6 0.988284
6 0.988293
6 0.988307
6 0.988331
6 0.988341
6 0.988355
6 0.98836
6 0.988364
6 0.988374
6 0.988379
6 0.988393
6 0.988398
6 0.988407
6 0.988412
6 0.988417
6 0.988421
6 0.988426
6 0.988436
6 0.988445
6 0.988455
6 0.988464
6 0.988469
6 0.988483
6 0.988502
6 0.988507
6 0.988521
6 0.988526
6 0.98853
6 0.988545
6 0.988554
6 0.988564
6 0.988583
6 0.988597
6 0.988611
6 0.988621
6 0.98863
6 0.98864
6 0.988649
6 0.988654
6 0.988673
6 0.988678
6 0.988687
6 0.988706
6 0.988716
6 0.988725
6 0.988753
6 0.988758
6 0.988763
6 0.988777
6 0.988791
6 0.988801
6 0.988834
6 0.988844
6 0.988853
6 0.988858
6 0.988867
6 0.988877
6 0.988886
6 0.988891
6 0.98891
6 0.988915
6 0.988924
6 0.988929
6 0.988934
6 0.988939
6 0.988962
6 0.988977
6 0.988995
6 0.989
6 0.989015
6 0.989024
6 0.989033
6 0.989043
6 0.989048
6 0.989052
6 0.989057
6 0.989062
6 0.989076
6 0.989086
6 0.989109
6 0.989119
6 0.989128
6 0.989138
6 0.989143
6 0.989147
6 0.989152
6 0.989162
6 0.989166
6 0.989171
6 0.989176
6 0.989185
6 0.989195
6 0.989204
6 0.989214
6 0.989219
6 0.989237
6 0.989257
6 0.989271
6 0.98928
6 0.989285
6 0.98929
6 0.989299
6 0.989304
6 0.989309
6 0.989313
6 0.989332
6 0.989342
6 0.989351
6 0.989361
6 0.989366
6 0.98937
6 0.98938
6 0.989385
6 0.989399
6 0.989404
6 0.989427
6 0.989432
6 0.989437
6 0.989442
6 0.989451
6 0.989465
6 0.98947
6 0.989484
6 0.989494
6 0.989513
6 0.989527
6 0.989536
6 0.989541
6 0.989551
6 0.98956
6 0.989579
6 0.989589
6 0.989603
6 0.989612
6 0.989617
6 0.989636
6 0.989641
6 0.98965
6 0.98966
6 0.989669
6 0.989679
6 0.989688
6 0.989707
6 0.989717
6 0.989722
6 0.989731
6 0.989745
6 0.98975
6 0.98976
6 0.989769
6 0.989778
6 0.989788
6 0.989797
6 0.989812
6 0.989821
6 0.989831
6 0.989845
6 0.98985
6 0.989869
6 0.989883
6 0.989888
6 0.989892
6 0.989897
6 0.989902
6 0.989907
6 0.989911
6 0.989921
6 0.98993
6 0.989935
6 0.98994
6 0.989945
6 0.989959
6 0.989968
6 0.989983
6 0.989987
6 0.989992
6 0.990006
6 0.990011
6 0.990016
6 0.990035
6 0.990039
6 0.990063
6 0.990077
6 0.990087
6 0.990106
6 0.990115
6 0.99012
6 0.99013
6 0.990139
6 0.990144
6 0.990163
6 0.990172
6 0.990182
6 0.990191
6 0.990196
6 0.990206
6 0.99022
6 0.990234
6 0.990244
6 0.990248
6 0.990258
6 0.990263
6 0.990277
6 0.990286
6 0.990296
6 0.9903
6 0.990305
6 0.99031
6 0.990324
6 0.990329
6 0.990334
6 0.990343
6 0.990348
6 0.990353
6 0.990362
6 0.990367
6 0.990372
6 0.990376
6 0.9904
6 0.99041
6 0.990419
6 0.990424
6 0.990429
6 0.990433
6 0.990462
6 0.990486
6 0.99049
6 0.990495
6 0.990514
6 0.990528
6 0.990533
6 0.990538
6 0.990542
6 0.990547
6 0.990552
6 0.990561
6 0.990566
6 0.99058
6 0.99059
6 0.990595
6 0.990604
6 0.990609
6 0.990614
6 0.990628
6 0.990637
6 0.990642
6 0.990652
6 0.990666
6 0.990675
6 0.990685
6 0.990699
6 0.990704
6 0.990718
6 0.990728
6 0.990737
6 0.990751
6 0.990756
6 0.990761
6 0.990766
6 0.99078
6 0.990803
6 0.990808
6 0.990813
6 0.990818
6 0.990827
6 0.990837
6 0.990841
6 0.990846
6 0.990856
6 0.99086
6 0.99087
6 0.990879
6 0.990884
6 0.990889
6 0.990894
6 0.990903
6 0.990908
6 0.990922
6 0.990927
6 0.990936
6 0.990951
6 0.990955
7 0.99096
7 0.990965
7 0.990974
7 0.990984
7 0.990989
7 0.990993
7 0.990998
7 0.991003
7 0.991008
7 0.991022
7 0.991036
7 0.991055
7 0.99106
7 0.991064
7 0.991079
7 0.991088
7 0.991093
7 0.991102
7 0.991112
7 0.991121
7 0.991126
7 0.991131
7 0.99114
7 0.991145
7 0.991159
7 0.991174
7 0.991178
7 0.991193
7 0.991202
7 0.991216
7 0.991226
7 0.991231
7 0.991235
7 0.99124
7 0.991245
7 0.991259
7 0.991273
7 0.991283
7 0.991288
7 0.991292
7 0.991297
7 0.991302
7 0.991306
7 0.991311
7 0.991321
7 0.99133
7 0.991335
7 0.99134
7 0.991349
7 0.991354
7 0.991363
7 0.991368
7 0.991378
7 0.991382
7 0.991392
7 0.991397
7 0.991406
7 0.991411
7 0.991416
7 0.991425
7 0.99143
7 0.991435
7 0.991439
7 0.991444
7 0.991463
7 0.991482
7 0.991487
7 0.991492
7 0.991506
7 0.991511
7 0.991515
7 0.99152
7 0.99153
7 0.991534
7 0.991544
7 0.991553
7 0.991563
7 0.991572
7 0.991582
7 0.991586
7 0.991596
7 0.991605
7 0.99161
7 0.99162
7 0.991629
7 0.991634
7 0.991639
7 0.991643
7 0.991648
7 0.991658
7 0.991667
7 0.991672
7 0.991686
7 0.991696
7 0.991705
7 0.991715
7 0.991719
7 0.991734
7 0.991748
7 0.991757
7 0.991762
7 0.991772
7 0.991776
7 0.991786
7 0.991791
7 0.9918
7 0.991805
7 0.991809
7 0.991829
7 0.991833
7 0.991838
7 0.991843
7 0.991847
7 0.991857
7 0.991881
7 0.991885
7 0.99189
7 0.991895
7 0.9919
7 0.991904
7 0.991909
7 0.991923
7 0.991928
7 0.991938
7 0.991942
7 0.991952
7 0.991957
7 0.991976
7 0.991985
7 0.991995
7 0.991999
7 0.992004
7 0.992014
7 0.992028
7 0.992042
7 0.992047
7 0.992052
7 0.992056
7 0.99207
7 0.992075
7 0.992085
7 0.992089
7 0.992099
7 0.992104
7 0.992108
7 0.992113
7 0.992123
7 0.992137
7 0.992142
7 0.992156
7 0.992161
7 0.992165
7 0.992184
7 0.992189
7 0.992194
7 0.992203
7 0.992208
7 0.992213
7 0.992218
7 0.992227
7 0.992241
7 0.992246
7 0.992256
7 0.992265
7 0.99227
7 0.992279
7 0.992294
7 0.992308
7 0.992312
7 0.992322
7 0.992336
7 0.992346
7 0.99235
7 0.992355
7 0.99236
7 0.992365
7 0.992374
7 0.992379
7 0.992384
7 0.992388
7 0.992393
7 0.992398
7 0.992407
7 0.992417
7 0.992426
7 0.992436
7 0.992455
7 0.99246
7 0.992469
7 0.992474
7 0.992483
7 0.992493
7 0.992498
7 0.992507
7 0.992517
7 0.992521
7 0.99254
7 0.99255
7 0.992559
7 0.992569
7 0.992578
7 0.992588
7 0.992593
7 0.992607
7 0.992616
7 0.99263
7 0.992635
7 0.992645
7 0.992654
7 0.992659
7 0.992664
7 0.992668
7 0.992673
7 0.992678
7 0.992692
7 0.992702
7 0.992706
7 0.992716
7 0.992721
7 0.992725
7 0.99273
7 0.992735
7 0.99274
7 0.992744
7 0.992759
7 0.992763
7 0.992768
7 0.992773
7 0.992778
7 0.992782
7 0.992787
7 0.992801
7 0.992806
7 0.992811
7 0.992815
7 0.99283
7 0.992839
7 0.992844
7 0.992853
7 0.992863
7 0.992868
7 0.992872
7 0.992877
7 0.992882
7 0.992896
7 0.992901
7 0.99291
7 0.992915
7 0.992925
7 0.992929
7 0.992934
7 0.992939
7 0.992948
7 0.992958
7 0.992972
7 0.992982
7 0.992996
7 0.993001
7 0.993015
7 0.993024
7 0.993029
7 0.993039
7 0.993043
7 0.993048
7 0.993053
7 0.993058
7 0.993067
7 0.993072
7 0.993086
7 0.993105
7 0.99311
7 0.993114
7 0.993119
7 0.993129
7 0.993133
7 0.993143
7 0.993148
7 0.993152
7 0.993162
7 0.993167
7 0.993176
7 0.993181
7 0.993195
7 0.993205
7 0.993209
7 0.993214
7 0.993219
7 0.993224
7 0.993228
7 0.993233
7 0.993238
7 0.993243
7 0.993247
7 0.993252
7 0.993262
7 0.993266
7 0.993276
7 0.993281
7 0.993285
7 0.99329
7 0.993295
7 0.993309
7 0.993314
7 0.993328
7 0.993333
7 0.993338
7 0.993342
7 0.993347
7 0.993352
7 0.993356
7 0.993361
7 0.993375
7 0.99338
7 0.993385
7 0.99339
7 0.993394
7 0.993399
7 0.993413
7 0.993423
7 0.993442
7 0.993451
7 0.993456
7 0.993466
7 0.99347
7 0.993475
7 0.99348
7 0.993489
7 0.993494
7 0.993499
7 0.993518
7 0.993523
7 0.993527
7 0.993542
7 0.993546
7 0.993556
7 0.993561
7 0.993565
7 0.99357
7 0.993584
7 0.993589
7 0.993594
7 0.993608
7 0.993617
7 0.993622
7 0.993627
7 0.993636
7 0.993646
7 0.993655
7 0.99366
7 0.993665
7 0.99367
7 0.993674
7 0.993679
7 0.993684
7 0.993693
7 0.993703
7 0.993708
7 0.993712
7 0.993717
7 0.993727
7 0.993731
7 0.99375
7 0.993755
7 0.99376
7 0.993765
7 0.993769
7 0.993774
7 0.993779
7 0.993784
7 0.993788
7 0.993793
7 0.993798
7 0.993803
7 0.993807
7 0.993812
7 0.993817
7 0.993822
7 0.993831
7 0.993836
7 0.99385
7 0.993855
7 0.993859
7 0.993864
7 0.993874
7 0.993878
7 0.993888
7 0.993893
7 0.993921
7 0.993926
7 0.993935
7 0.993945
7 0.993959
7 0.993969
7 0.993978
7 0.993983
7 0.993997
7 0.994007
7 0.994016
7 0.994026
7 0.99403
7 0.99404
7 0.994045
7 0.994059
7 0.994064
7 0.994068
7 0.994083
7 0.994097
7 0.994106
7 0.994111
7 0.994116
7 0.99412
7 0.99413
7 0.994135
7 0.994144
7 0.994158
7 0.994163
7 0.994168
7 0.994173
7 0.994177
7 0.994187
7 0.994192
7 0.994201
7 0.994206
7 0.994215
7 0.99423
7 0.994244
7 0.994249
7 0.994253
7 0.994258
7 0.994272
7 0.994287
7 0.994296
7 0.994306
7 0.994315
7 0.99432
7 0.994329
7 0.994334
7 0.994339
7 0.994344
7 0.994353
7 0.994358
7 0.994363
7 0.994367
7 0.994372
7 0.994377
7 0.994381
7 0.994386
7 0.994391
7 0.994396
7 0.9944
7 0.994405
7 0.99441
7 0.994419
7 0.994424
7 0.994429
7 0.994434
7 0.994443
7 0.994448
7 0.994457
7 0.994462
7 0.994467
7 0.994472
7 0.994476
7 0.994486
7 0.994491
7 0.9945
7 0.99451
7 0.994514
7 0.994524
7 0.994533
7 0.994543
7 0.994548
7 0.994552
7 0.994557
7 0.994562
7 0.994571
7 0.994576
7 0.994581
7 0.994586
7 0.994595
7 0.994605
7 0.994609
7 0.994619
7 0.994623
7 0.994628
7 0.994633
7 0.994638
7 0.994642
7 0.994647
7 0.994652
7 0.994661
7 0.994666
7 0.994671
7 0.994676
7 0.99468
7 0.994685
7 0.99469
7 0.994695
7 0.994699
7 0.994704
7 0.994709
7 0.994714
7 0.994723
7 0.994728
7 0.994733
7 0.994742
7 0.994752
7 0.994756
7 0.994766
7 0.994771
7 0.994775
7 0.99478
7 0.994785
7 0.99479
7 0.994794
7 0.994799
7 0.994809
7 0.994813
7 0.994818
7 0.994828
7 0.994837
7 0.994842
7 0.994856
7 0.994861
7 0.994866
7 0.99487
7 0.99488
7 0.994884
7 0.994894
7 0.994904
7 0.994913
7 0.994922
7 0.994932
7 0.994937
7 0.994941
7 0.994946
7 0.994951
7 0.994956
7 0.99496
7 0.994965
7 0.99497
7 0.994975
7 0.994984
7 0.994994
7 0.994998
7 0.995003
7 0.995008
7 0.995013
7 0.995017
7 0.995027
7 0.995036
7 0.995046
7 0.995051
7 0.99506
7 0.995065
7 0.99507
7 0.995074
7 0.995079
7 0.995084
7 0.995089
7 0.995093
7 0.995098
7 0.995108
7 0.995117
7 0.995122
7 0.995126
7 0.995131
7 0.995141
7 0.995145
7 0.99515
7 0.995155
7 0.99516
7 0.995164
7 0.995169
7 0.995174
7 0.995179
7 0.995188
7 0.995193
7 0.995202
7 0.995212
7 0.995217
7 0.995221
7 0.995226
7 0.995231
7 0.99524
7 0.995245
7 0.99525
7 0.995255
7 0.995259
7 0.995264
7 0.995269
7 0.995274
7 0.995278
7 0.995283
7 0.995288
7 0.995297
7 0.995302
7 0.995307
7 0.995312
7 0.995316
7 0.995321
7 0.995326
7 0.995331
7 0.99534
7 0.995345
7 0.995359
7 0.995364
7 0.995369
7 0.995373
7 0.995383
7 0.995392
7 0.995397
7 0.995407
7 0.995411
7 0.995416
7 0.995421
7 0.995425
7 0.99543
7 0.995435
7 0.995444
7 0.995454
7 0.995459
7 0.995468
7 0.995473
7 0.995478
7 0.995482
7 0.995492
8 0.995501
8 0.995511
8 0.995516
8 0.99552
8 0.995525
8 0.99553
8 0.995535
8 0.995539
8 0.995544
8 0.995549
8 0.995554
8 0.995558
8 0.995563
8 0.995568
8 0.995573
8 0.995577
8 0.995582
8 0.995587
8 0.995592
8 0.995601
8 0.995611
8 0.995615
8 0.99562
8 0.995625
8 0.99563
8 0.995634
8 0.995644
8 0.995649
8 0.995653
8 0.995658
8 0.995667
8 0.995672
8 0.995677
8 0.995686
8 0.995691
8 0.995696
8 0.995701
8 0.995705
8 0.99571
8 0.995715
8 0.995724
8 0.995729
8 0.995734
8 0.995743
8 0.995748
8 0.995753
8 0.995758
8 0.995762
8 0.995767
8 0.995772
8 0.995777
8 0.995786
8 0.995791
8 0.995796
8 0.9958
8 0.995805
8 0.995819
8 0.995824
8 0.995829
8 0.995834
8 0.995838
8 0.995843
8 0.995853
8 0.995857
8 0.995867
8 0.995872
8 0.995876
8 0.995881
8 0.995886
8 0.99589
8 0.995895
8 0.9959
8 0.99591
8 0.995919
8 0.995924
8 0.995928
8 0.995938
8 0.995943
8 0.995947
8 0.995957
8 0.995962
8 0.995966
8 0.995971
8 0.995976
8 0.995981
8 0.99599
8 0.996
8 0.996009
8 0.996019
8 0.996023
8 0.996028
8 0.996033
8 0.996038
8 0.996047
8 0.996052
8 0.996066
8 0.996071
8 0.996076
8 0.99608
8 0.996085
8 0.99609
8 0.996095
8 0.996099
8 0.996104
8 0.996109
8 0.996114
8 0.996118
8 0.996123
8 0.996128
8 0.996133
8 0.996137
8 0.996147
8 0.996152
8 0.996161
8 0.996166
8 0.996171
8 0.996175
8 0.99618
8 0.996185
8 0.996189
8 0.996199
8 0.996204
8 0.996208
8 0.996213
8 0.996218
8 0.996223
8 0.996227
8 0.996232
8 0.996242
8 0.996246
8 0.996251
8 0.996256
8 0.99627
8 0.99628
8 0.996284
8 0.996289
8 0.996294
8 0.996303
8 0.996308
8 0.996313
8 0.996318
8 0.996322
8 0.996327
8 0.996332
8 0.996337
8 0.996346
8 0.996351
8 0.996356
8 0.99636
8 0.996365
8 0.99637
8 0.996375
8 0.996389
8 0.996394
8 0.996398
8 0.996413
8 0.996417
8 0.996422
8 0.996441
8 0.996446
8 0.99645
8 0.996455
8 0.996469
8 0.996474
8 0.996479
8 0.996484
8 0.996488
8 0.996493
8 0.996498
8 0.996503
8 0.996507
8 0.996512
8 0.996517
8 0.996522
8 0.996526
8 0.996531
8 0.996536
8 0.996541
8 0.99655
8 0.996555
8 0.99656
8 0.996564
8 0.996569
8 0.996574
8 0.996579
8 0.996583
8 0.996588
8 0.996593
8 0.996598
8 0.996602
8 0.996607
8 0.996621
8 0.996626
8 0.996631
8 0.996636
8 0.99664
8 0.99665
8 0.996655
8 0.996659
8 0.996664
8 0.996669
8 0.996674
8 0.996678
8 0.996683
8 0.996688
8 0.996692
8 0.996702
8 0.996716
8 0.99673
8 0.996735
8 0.99674
8 0.996745
8 0.996749
8 0.996754
8 0.996759
8 0.996764
8 0.996768
8 0.996773
8 0.996778
8 0.996787
8 0.996792
8 0.996797
8 0.996806
8 0.996811
8 0.996816
8 0.996825
8 0.99683
8 0.996835
8 0.99684
8 0.996844
8 0.996849
8 0.996859
8 0.996863
8 0.996873
8 0.996887
8 0.996892
8 0.996897
8 0.996901
8 0.996906
8 0.996911
8 0.996916
8 0.99692
8 0.996925
8 0.99693
8 0.996934
8 0.996944
8 0.996949
8 0.996953
8 0.996958
8 0.996963
8 0.996972
8 0.996977
8 0.996982
8 0.996987
8 0.996991
8 0.996996
8 0.997001
8 0.997006
8 0.99701
8 0.997015
8 0.99702
8 0.997025
8 0.997034
8 0.997039
8 0.997048
8 0.997053
8 0.997058
8 0.997063
8 0.997067
8 0.997072
8 0.997077
8 0.997082
8 0.997086
8 0.997091
8 0.997096
8 0.997101
8 0.997105
8 0.99711
8 0.997115
8 0.99712
8 0.997124
8 0.997134
8 0.997139
8 0.997143
8 0.997148
8 0.997153
8 0.997158
8 0.997162
8 0.997167
8 0.997172
8 0.997181
8 0.997186
8 0.997191
8 0.997195
8 0.997205
8 0.99721
8 0.997214
8 0.997219
8 0.997224
8 0.997233
8 0.997238
8 0.997243
8 0.997248
8 0.997252
8 0.997257
8 0.997271
8 0.997276
8 0.997281
8 0.997286
8 0.99729
8 0.997295
8 0.9973
8 0.997309
8 0.997314
8 0.997319
8 0.997324
8 0.997328
8 0.997333
8 0.997338
8 0.997343
8 0.997347
8 0.997352
8 0.997357
8 0.997362
8 0.997366
8 0.997371
8 0.997376
8 0.997381
8 0.997385
8 0.99739
8 0.997395
8 0.9974
8 0.997409
8 0.997414
8 0.997419
8 0.997423
8 0.997428
8 0.997433
8 0.997437
8 0.997447
8 0.997452
8 0.997456
8 0.997461
8 0.997466
8 0.997471
8 0.997475
8 0.99748
8 0.997485
8 0.99749
8 0.997494
8 0.997499
8 0.997504
8 0.997513
8 0.997518
8 0.997523
8 0.997528
8 0.997532
8 0.997537
8 0.997542
8 0.997547
8 0.997551
8 0.997556
9 0.997561
9 0.997566
9 0.99757
9 0.997575
9 0.99758
9 0.997585
9 0.997589
9 0.997594
9 0.997599
9 0.997604
9 0.997608
9 0.997613
9 0.997618
9 0.997623
9 0.997627
9 0.997632
9 0.997637
9 0.997642
9 0.997646
9 0.997651
9 0.997661
9 0.997665
9 0.99767
9 0.997675
9 0.997689
9 0.997694
9 0.997698
9 0.997703
9 0.997708
9 0.997713
9 0.997717
9 0.997722
9 0.997732
9 0.997736
9 0.997741
9 0.997746
9 0.997751
9 0.997755
9 0.99776
9 0.997765
9 0.99777
9 0.997774
9 0.997779
9 0.997784
9 0.997789
9 0.997793
9 0.997798
9 0.997803
9 0.997812
9 0.997822
9 0.997827
9 0.997831
9 0.997836
9 0.997841
9 0.99785
9 0.997855
9 0.99786
9 0.997865
9 0.997869
9 0.997874
9 0.997879
9 0.997884
9 0.997888
9 0.997893
9 0.997898
9 0.997903
9 0.997907
9 0.997912
9 0.997917
9 0.997922
9 0.997926
9 0.997931
9 0.997936
9 0.997941
9 0.997945
9 0.997955
9 0.997959
9 0.997969
9 0.997974
9 0.997978
9 0.997988
9 0.997993
9 0.997997
9 0.998002
9 0.998007
9 0.998012
9 0.998016
9 0.998021
9 0.998026
9 0.998031
9 0.998035
9 0.99804
9 0.998045
9 0.99805
9 0.998059
9 0.998064
9 0.998069
9 0.998073
9 0.998078
9 0.998083
9 0.998088
9 0.998092
9 0.998097
9 0.998107
9 0.998111
9 0.998116
9 0.998126
9 0.99813
9 0.99814
9 0.998145
9 0.998149
9 0.998154
9 0.998159
9 0.998164
9 0.998173
9 0.998178
9 0.998183
9 0.998187
9 0.998192
9 0.998197
9 0.998201
9 0.998206
9 0.998211
9 0.998216
9 0.998221
9 0.998225
9 0.998235
9 0.998239
9 0.998249
9 0.998254
9 0.998258
9 0.998263
9 0.998268
9 0.998277
9 0.998282
9 0.998287
9 0.998292
9 0.998296
9 0.998301
9 0.998306
9 0.998311
9 0.998315
9 0.99832
9 0.998325
9 0.99833
9 0.998334
9 0.998339
9 0.998344
9 0.998349
9 0.998353
9 0.998358
9 0.998363
9 0.998372
9 0.998377
9 0.998382
9 0.998387
9 0.998391
9 0.998396
9 0.998401
9 0.998406
9 0.99841
9 0.99842
9 0.998425
9 0.998429
9 0.998434
9 0.998444
9 0.998448
9 0.998458
9 0.998462
9 0.998467
9 0.998472
9 0.998482
9 0.998486
9 0.998491
9 0.998496
10 0.9985
10 0.998505
10 0.99851
10 0.998515
10 0.998519
10 0.998524
10 0.998529
10 0.998534
10 0.998538
10 0.998543
10 0.998548
10 0.998553
10 0.998557
10 0.998562
10 0.998567
10 0.998572
10 0.998576
10 0.998581
10 0.998586
10 0.998591
10 0.998595
10 0.9986
10 0.998605
10 0.99861
10 0.998614
10 0.998619
10 0.998624
10 0.998629
10 0.998633
10 0.998638
10 0.998643
10 0.998652
10 0.998657
10 0.998662
10 0.998667
10 0.998671
10 0.998676
10 0.998681
10 0.998686
10 0.99869
10 0.998695
10 0.9987
10 0.998704
10 0.998709
10 0.998714
10 0.998719
10 0.998724
10 0.998728
10 0.998733
10 0.998742
10 0.998747
10 0.998752
10 0.998757
10 0.998761
10 0.998766
10 0.998771
10 0.998776
10 0.99878
10 0.998785
10 0.99879
10 0.998795
10 0.998799
10 0.998804
10 0.998809
10 0.998814
10 0.998818
10 0.998823
10 0.998828
10 0.998833
10 0.998837
10 0.998842
10 0.998847
10 0.998852
10 0.998856
10 0.998861
10 0.998866
10 0.998871
10 0.998875
10 0.99888
10 0.998885
10 0.99889
10 0.998894
10 0.998899
10 0.998904
10 0.998909
10 0.998913
10 0.998918
10 0.998923
10 0.998932
10 0.998937
10 0.998942
10 0.998947
10 0.998951
10 0.998956
10 0.998961
10 0.998966
10 0.99897
10 0.998975
10 0.99898
10 0.998985
10 0.998989
10 0.998994
10 0.998999
10 0.999003
10 0.999008
10 0.999013
10 0.999018
10 0.999022
10 0.999027
10 0.999037
10 0.999041
11 0.999046
11 0.999051
11 0.999056
11 0.99906
11 0.999065
11 0.99907
11 0.999075
11 0.999079
11 0.999084
11 0.999089
11 0.999094
11 0.999098
11 0.999103
11 0.999108
11 0.999113
11 0.999117
11 0.999122
11 0.999127
11 0.999132
11 0.999136
11 0.999141
11 0.999146
11 0.999151
11 0.999155
11 0.99916
11 0.999165
11 0.99917
11 0.999174
11 0.999179
11 0.999184
11 0.999189
11 0.999193
11 0.999198
11 0.999203
11 0.999207
11 0.999212
11 0.999217
11 0.999222
11 0.999227
11 0.999231
11 0.999236
11 0.999241
11 0.999245
11 0.99925
11 0.999255
11 0.99926
11 0.999264
11 0.999269
11 0.999274
12 0.999279
12 0.999283
12 0.999288
12 0.999293
12 0.999298
12 0.999302
12 0.999307
12 0.999312
12 0.999317
12 0.999321
12 0.999326
12 0.999331
12 0.999336
12 0.99934
12 0.999345
12 0.99935
12 0.999355
12 0.999359
12 0.999364
12 0.999369
12 0.999374
12 0.999378
12 0.999383
12 0.999388
12 0.999393
12 0.999397
12 0.999402
12 0.999407
12 0.999412
12 0.999416
13 0.999421
13 0.999426
13 0.999431
13 0.999435
13 0.99944
13 0.999445
13 0.99945
13 0.999454
13 0.999459
13 0.999464
13 0.999469
13 0.999473
13 0.999478
13 0.999483
13 0.999488
13 0.999492
14 0.999497
14 0.999502
14 0.999506
14 0.999511
14 0.999516
14 0.999521
14 0.999525
14 0.99953
14 0.999535
14 0.99954
14 0.999544
14 0.999549
14 0.999554
14 0.999559
15 0.999563
15 0.999568
15 0.999573
15 0.999578
15 0.999582
15 0.999587
15 0.999592
16 0.999597
16 0.999601
16 0.999606
16 0.999611
16 0.999616
16 0.99962
17 0.999625
17 0.99963
17 0.999635
18 0.999639
38 0.999644
40 0.999649
41 0.999654
42 0.999658
42 0.999663
45 0.999668
45 0.999673
46 0.999677
46 0.999682
47 0.999687
75 0.999692
96 0.999696
97 0.999701
187 0.999706
189 0.999711
189 0.999715
189 0.99972
190 0.999725
190 0.99973
191 0.999734
272 0.999739
273 0.999744
273 0.999748
273 0.999753
273 0.999758
274 0.999763
274 0.999767
274 0.999772
274 0.999777
275 0.999782
277 0.999786
278 0.999791
285 0.999796
285 0.999801
286 0.999805
286 0.99981
286 0.999815
287 0.99982
287 0.999824
339 0.999829
740 0.999834
768 0.999839
768 0.999843
768 0.999848
768 0.999853
768 0.999858
768 0.999862
769 0.999867
770 0.999872
770 0.999877
770 0.999881
770 0.999886
770 0.999891
770 0.999896
770 0.9999
770 0.999905
770 0.99991
772 0.999915
962 0.999919
962 0.999924
962 0.999929
963 0.999934
964 0.999938
964 0.999943
964 0.999948
965 0.999953
965 0.999957
965 0.999962
965 0.999967
965 0.999972
965 0.999976
965 0.999981
966 0.999986
967 0.999991
