0 0
0 4.76272e-06
0 4.76272e-05
0 0.000247661
0 0.000938256
0 0.00253853
0 0.00553904
0 0.0101589
0 0.0161313
0 0.0231945
0 0.0307148
0 0.0391686
0 0.0480463
0 0.057548
0 0.0675782
0 0.0783229
0 0.0902917
0 0.103237
0 0.118239
0 0.135099
0 0.155436
0 0.17805
0 0.201868
0 0.226396
0 0.25081
0 0.274471
0 0.296427
0 0.317464
0 0.335667
0 0.351436
0 0.365939
0 0.378093
0 0.388605
0 0.397968
0 0.405955
0 0.412761
0 0.418638
0 0.423511
0 0.427726
0 0.431722
0 0.435108
0 0.438418
0 0.441171
0 0.443886
0 0.446667
0 0.449234
0 0.451673
0 0.454035
0 0.456216
0 0.458293
0 0.460222
0 0.462127
0 0.464027
0 0.46598
0 0.46789
0 0.469633
0 0.471405
0 0.473162
0 0.474934
0 0.476753
0 0.47843
0 0.480111
0 0.481521
0 0.483226
0 0.484559
0 0.485898
0 0.487403
0 0.488603
0 0.489922
0 0.491165
0 0.492323
0 0.493351
0 0.494385
0 0.495294
0 0.496233
0 0.497095
0 0.497962
0 0.498919
0 0.499686
0 0.500391
0 0.501205
0 0.501929
0 0.502529
0 0.503253
0 0.503891
0 0.504548
0 0.505134
0 0.505672
0 0.506296
0 0.506815
0 0.507454
0 0.507973
0 0.508473
0 0.509021
0 0.509568
0 0.510068
0 0.510473
0 0.510954
0 0.511464
0 0.511931
0 0.512393
0 0.512836
0 0.513269
0 0.513702
0 0.51416
0 0.514512
0 0.514869
0 0.515269
0 0.515598
0 0.515993
0 0.516336
0 0.516679
0 0.516984
0 0.517336
0 0.517751
0 0.518017
0 0.518279
0 0.518546
0 0.518837
0 0.519103
0 0.519427
0 0.519684
0 0.519942
0 0.520161
0 0.520418
0 0.520642
0 0.520899
0 0.521137
0 0.52138
0 0.521637
0 0.521842
0 0.522028
0 0.522237
0 0.522418
0 0.522671
0 0.522894
0 0.523133
0 0.523337
0 0.523514
0 0.523766
0 0.52398
0 0.52419
0 0.524447
0 0.524628
0 0.524776
0 0.524947
0 0.525123
0 0.525347
0 0.525533
0 0.525771
0 0.525966
0 0.526138
0 0.526338
0 0.526495
0 0.526728
0 0.526838
0 0.52699
0 0.527148
0 0.527324
0 0.52749
0 0.527629
0 0.527805
0 0.527957
0 0.528095
0 0.528262
0 0.528405
0 0.528572
0 0.528729
0 0.528876
0 0.529072
0 0.529176
0 0.529334
0 0.529476
0 0.529605
0 0.529748
0 0.529853
0 0.530053
0 0.530215
0 0.530324
0 0.530472
0 0.530577
0 0.530677
0 0.530839
0 0.530962
0 0.531096
0 0.531286
0 0.531405
0 0.531548
0 0.531629
0 0.531782
0 0.531915
0 0.532029
0 0.532148
0 0.532248
0 0.532363
0 0.532472
0 0.532539
0 0.532691
0 0.532834
0 0.532934
0 0.533039
0 0.53313
0 0.533287
0 0.53341
0 0.533558
0 0.533715
0 0.533858
0 0.533973
0 0.534125
0 0.53423
0 0.534315
0 0.534425
0 0.534568
0 0.534701
0 0.534801
0 0.534916
0 0.53503
0 0.535106
0 0.535263
0 0.535349
0 0.535473
0 0.535573
0 0.535725
0 0.535868
0 0.53602
0 0.536144
0 0.536297
0 0.536368
0 0.536478
0 0.536578
0 0.536716
0 0.536844
0 0.536987
0 0.537097
0 0.537211
0 0.537378
0 0.537478
0 0.537587
0 0.537668
0 0.537759
0 0.537883
0 0.538007
0 0.538083
0 0.538211
0 0.538297
0 0.538411
0 0.53853
0 0.538635
0 0.538711
0 0.538888
0 0.538978
0 0.539121
0 0.539202
0 0.539331
0 0.539502
0 0.539659
0 0.539793
0 0.539907
0 0.540031
0 0.540164
0 0.540259
0 0.540369
0 0.540497
0 0.540621
0 0.540764
0 0.540869
0 0.540969
0 0.541088
0 0.541193
0 0.541317
0 0.541412
0 0.541521
0 0.541655
0 0.541802
0 0.541869
0 0.541988
0 0.542074
0 0.54216
0 0.542264
0 0.542431
0 0.542522
0 0.542693
0 0.542817
0 0.542955
0 0.543069
0 0.543169
0 0.543312
0 0.543403
0 0.543507
0 0.543569
0 0.543698
0 0.543798
0 0.543903
0 0.544027
0 0.544131
0 0.544265
0 0.544374
0 0.54447
0 0.544612
0 0.544703
0 0.544817
0 0.544917
0 0.545022
0 0.54517
0 0.54527
0 0.545365
0 0.545455
0 0.545617
0 0.545703
0 0.545803
0 0.545927
0 0.546051
0 0.54617
0 0.546308
0 0.546484
0 0.54657
0 0.546665
0 0.546756
0 0.546884
0 0.547027
0 0.547099
0 0.547222
0 0.547351
0 0.54748
0 0.547546
0 0.547684
0 0.54778
0 0.547903
0 0.548008
0 0.548156
0 0.548265
0 0.548404
0 0.548494
0 0.548604
0 0.548689
0 0.548861
0 0.54898
0 0.549094
0 0.549185
0 0.549299
0 0.549399
0 0.549528
0 0.549689
0 0.549828
0 0.54999
0 0.550113
0 0.550209
0 0.550323
0 0.550447
0 0.550571
0 0.550704
0 0.550828
0 0.550947
0 0.551047
0 0.55118
0 0.551304
0 0.551375
0 0.551523
0 0.551633
0 0.551795
0 0.55189
0 0.551995
0 0.552109
0 0.552228
0 0.552285
0 0.552376
0 0.552504
0 0.552623
0 0.552747
0 0.552842
0 0.552928
0 0.553061
0 0.553138
0 0.553247
0 0.553362
0 0.553533
0 0.55359
0 0.553724
0 0.553857
0 0.55399
0 0.554114
0 0.554209
0 0.554305
0 0.554447
0 0.554552
0 0.554662
0 0.554757
0 0.554843
0 0.554957
0 0.555067
0 0.555162
0 0.55529
0 0.555424
0 0.555562
0 0.555705
0 0.555871
0 0.555938
0 0.556076
0 0.55621
0 0.556352
0 0.556505
0 0.55661
0 0.556753
0 0.556876
0 0.556972
0 0.557086
0 0.557238
0 0.557372
0 0.557538
0 0.557657
0 0.557781
0 0.557886
0 0.558015
0 0.558124
0 0.558239
0 0.558329
0 0.55842
0 0.558534
0 0.558634
0 0.558743
0 0.558843
0 0.558934
0 0.559067
0 0.559196
0 0.559324
0 0.559463
0 0.559629
0 0.559796
0 0.559891
0 0.56002
0 0.560125
0 0.560253
0 0.560372
0 0.56052
0 0.56061
0 0.560701
0 0.560853
0 0.560977
0 0.56112
0 0.561263
0 0.561377
0 0.561477
0 0.561606
0 0.561753
0 0.561892
0 0.562015
0 0.562101
0 0.562234
0 0.562411
0 0.562563
0 0.562658
0 0.562754
0 0.562911
0 0.563035
0 0.563158
0 0.563292
0 0.56342
0 0.563568
0 0.563678
0 0.563816
0 0.563911
0 0.564059
0 0.564163
0 0.564301
0 0.56443
0 0.564559
0 0.564668
0 0.564802
0 0.56494
0 0.565021
0 0.565135
0 0.565283
0 0.565397
0 0.56553
0 0.565668
0 0.565811
0 0.56594
0 0.566073
0 0.566188
0 0.566273
0 0.566354
0 0.566469
0 0.566602
0 0.56675
0 0.566859
0 0.566978
0 0.567131
0 0.567283
0 0.567402
0 0.567507
0 0.567588
0 0.567716
0 0.56785
0 0.567964
0 0.568088
0 0.568178
0 0.568288
0 0.568397
0 0.568559
0 0.568669
0 0.568802
0 0.568902
0 0.569036
0 0.56915
0 0.569245
0 0.569369
0 0.569469
0 0.569545
0 0.569645
0 0.569755
0 0.569902
0 0.570031
0 0.57016
0 0.570298
0 0.570441
0 0.570574
0 0.570698
0 0.570812
0 0.57095
0 0.571031
0 0.571126
0 0.571255
0 0.571398
0 0.571498
0 0.571612
0 0.571746
0 0.571884
0 0.572008
0 0.572122
0 0.572231
0 0.572331
0 0.572484
0 0.572608
0 0.572717
0 0.572846
0 0.57297
0 0.573113
0 0.573213
0 0.573332
0 0.573384
0 0.573455
0 0.573565
0 0.573679
0 0.573798
0 0.573884
0 0.574046
0 0.574194
0 0.574289
0 0.574437
0 0.57456
0 0.574737
0 0.574846
0 0.574965
0 0.57506
0 0.575165
0 0.575322
0 0.57547
0 0.575594
0 0.575708
0 0.575818
0 0.57598
0 0.576137
0 0.576251
0 0.576389
0 0.576504
0 0.576646
0 0.576737
0 0.576866
0 0.576975
0 0.577118
0 0.577266
0 0.577389
0 0.577542
0 0.577685
0 0.577785
0 0.577932
0 0.578071
0 0.578175
0 0.578318
0 0.578452
0 0.57859
0 0.578775
0 0.578942
0 0.579066
0 0.579237
0 0.579385
0 0.579504
0 0.579661
0 0.579799
0 0.579933
0 0.580152
0 0.580266
0 0.580423
0 0.58058
0 0.580761
0 0.580895
0 0.581071
0 0.581228
0 0.581409
0 0.581562
0 0.58169
0 0.581871
0 0.582047
0 0.582228
0 0.582395
0 0.582547
0 0.582719
0 0.582862
0 0.583067
0 0.583219
0 0.583357
0 0.583538
0 0.583652
0 0.583814
0 0.583957
0 0.58411
0 0.584257
0 0.5844
0 0.584534
0 0.584681
0 0.584795
0 0.584948
0 0.585138
0 0.585334
0 0.585477
0 0.585572
0 0.585696
0 0.58581
0 0.585972
0 0.586124
0 0.586277
0 0.586401
0 0.58651
0 0.586629
0 0.586772
0 0.586872
0 0.587043
0 0.587191
0 0.587367
0 0.587534
0 0.58762
0 0.58771
0 0.58782
0 0.587996
0 0.588115
0 0.588239
0 0.588363
0 0.58851
0 0.588634
0 0.588734
0 0.588839
0 0.588958
0 0.58911
0 0.589244
0 0.589396
0 0.589515
0 0.58963
0 0.589701
0 0.589811
0 0.589934
0 0.590011
0 0.590139
0 0.590254
0 0.590368
0 0.59052
0 0.590616
0 0.590754
0 0.590911
0 0.591063
0 0.59123
0 0.591359
0 0.591511
0 0.591687
0 0.591811
0 0.591959
0 0.592182
0 0.592278
0 0.59244
0 0.592583
0 0.592664
0 0.592787
0 0.592911
0 0.593064
0 0.593187
0 0.593316
0 0.593449
0 0.593554
0 0.593673
0 0.593821
0 0.593973
0 0.594135
0 0.59424
0 0.594383
0 0.594492
0 0.594669
0 0.594811
0 0.594945
0 0.59505
0 0.595216
0 0.595407
0 0.595488
0 0.595612
0 0.59575
0 0.59594
0 0.596078
0 0.596216
0 0.596307
0 0.596412
0 0.596555
0 0.59665
0 0.596779
0 0.596874
0 0.597026
0 0.597164
0 0.59725
0 0.597398
0 0.597521
0 0.59766
0 0.597774
0 0.597926
0 0.598007
0 0.598126
0 0.59826
0 0.598398
0 0.598503
0 0.598636
0 0.598746
0 0.598869
0 0.598965
0 0.59906
0 0.599207
0 0.599331
0 0.599498
0 0.599641
0 0.599803
0 0.599908
0 0.600036
0 0.600165
0 0.600298
0 0.600432
0 0.600565
0 0.600646
0 0.600812
0 0.600893
0 0.600994
0 0.601117
0 0.601255
0 0.601403
0 0.601579
0 0.601722
0 0.601846
0 0.601965
0 0.602146
0 0.602284
0 0.602389
0 0.602484
0 0.602565
0 0.602751
0 0.602908
0 0.603027
0 0.603151
0 0.603308
0 0.603418
0 0.603518
0 0.603656
0 0.603813
0 0.603923
0 0.604046
0 0.604223
0 0.604323
0 0.604427
0 0.604551
0 0.604647
0 0.604799
0 0.604951
0 0.605099
0 0.605223
0 0.60537
0 0.605466
0 0.605594
0 0.605742
0 0.605837
0 0.60598
0 0.606099
0 0.606228
0 0.606356
0 0.606452
0 0.606637
0 0.606775
0 0.606923
0 0.60709
0 0.607237
0 0.60738
0 0.607509
0 0.607642
0 0.607757
0 0.607876
0 0.60798
0 0.608133
0 0.608309
0 0.608481
0 0.608576
0 0.608714
0 0.6089
0 0.609028
0 0.609181
0 0.6093
0 0.609433
0 0.609576
0 0.609724
0 0.609857
0 0.610028
0 0.610157
0 0.610319
0 0.610419
0 0.610581
0 0.610729
0 0.610895
0 0.611048
0 0.611214
0 0.611338
0 0.611519
0 0.611629
0 0.611757
0 0.611876
0 0.611995
0 0.612143
0 0.612291
0 0.612415
0 0.612538
0 0.612662
0 0.612843
0 0.613024
0 0.613181
0 0.613338
0 0.613491
0 0.613634
0 0.6138
0 0.613929
0 0.614053
0 0.614243
0 0.61442
0 0.614543
0 0.61472
0 0.614858
0 0.614958
0 0.61512
0 0.615253
0 0.615405
0 0.615501
0 0.615686
0 0.615834
0 0.615996
0 0.616177
0 0.616315
0 0.616453
0 0.61661
0 0.61673
0 0.616853
0 0.617058
0 0.617258
0 0.617325
0 0.617439
0 0.617544
0 0.617696
0 0.617835
0 0.61793
0 0.618025
0 0.618149
0 0.618287
0 0.618473
0 0.61862
0 0.618739
0 0.618916
0 0.619082
0 0.619259
0 0.619387
0 0.61954
0 0.619735
0 0.619897
0 0.620054
0 0.620216
0 0.620368
0 0.620544
0 0.620678
0 0.620835
0 0.620987
0 0.621126
0 0.621273
0 0.621368
0 0.621483
0 0.62163
0 0.62174
0 0.621835
0 0.621954
0 0.622107
0 0.622297
0 0.622397
0 0.622535
0 0.622683
0 0.622797
0 0.622973
0 0.623121
0 0.623264
0 0.623412
0 0.623564
0 0.623726
0 0.623874
0 0.623997
0 0.62415
0 0.624321
0 0.62444
0 0.624578
0 0.624721
0 0.624931
0 0.625064
0 0.625236
0 0.625345
0 0.625474
0 0.625569
0 0.62575
0 0.625883
0 0.625983
0 0.626131
0 0.626245
0 0.626379
0 0.626555
0 0.626698
0 0.626807
0 0.62695
0 0.627108
0 0.627236
0 0.627398
0 0.627536
0 0.627665
0 0.627803
0 0.627931
0 0.628122
0 0.628208
0 0.628355
0 0.628513
0 0.62867
0 0.628798
0 0.628917
0 0.629027
0 0.629184
0 0.629284
0 0.629436
0 0.629617
0 0.629751
0 0.629922
0 0.630094
0 0.63027
0 0.630394
0 0.630541
0 0.630713
0 0.630861
0 0.631018
0 0.631165
0 0.631323
0 0.631494
0 0.631665
0 0.631784
0 0.631932
0 0.632046
0 0.632213
0 0.632366
0 0.632518
0 0.632661
0 0.632804
0 0.632942
0 0.633094
1 0.633237
1 0.63339
1 0.633604
1 0.63379
1 0.633899
1 0.634075
1 0.634266
1 0.634418
1 0.63458
1 0.634756
1 0.634871
1 0.634995
1 0.635118
1 0.635242
1 0.635357
1 0.635504
1 0.635652
1 0.635842
1 0.636
1 0.636133
1 0.636304
1 0.636466
1 0.63659
1 0.636776
1 0.636895
1 0.637033
1 0.637204
1 0.637314
1 0.637443
1 0.637585
1 0.63769
1 0.637786
1 0.637933
1 0.63809
1 0.638238
1 0.638419
1 0.6386
1 0.638729
1 0.638829
1 0.638976
1 0.639138
1 0.639291
1 0.639391
1 0.639519
1 0.639657
1 0.639781
1 0.6399
1 0.64001
1 0.640176
1 0.640272
1 0.640362
1 0.640486
1 0.640629
1 0.640753
1 0.64091
1 0.641034
1 0.641153
1 0.641286
1 0.641453
1 0.641543
1 0.64171
1 0.641853
1 0.641958
1 0.642129
1 0.642348
1 0.642491
1 0.642615
1 0.642767
1 0.642905
1 0.64302
1 0.643167
1 0.643291
1 0.643458
1 0.643601
1 0.643748
1 0.64391
1 0.644063
1 0.644196
1 0.644325
1 0.644472
1 0.644606
1 0.644739
1 0.644901
1 0.645096
1 0.645272
1 0.645415
1 0.645563
1 0.645744
1 0.645882
1 0.646035
1 0.646177
1 0.646287
1 0.646425
1 0.646582
1 0.646754
1 0.646906
1 0.647078
1 0.64723
1 0.647344
1 0.647482
1 0.647578
1 0.647725
1 0.647892
1 0.648025
1 0.648187
1 0.648359
1 0.648487
1 0.648625
1 0.648802
1 0.64894
1 0.649087
1 0.64924
1 0.649373
1 0.649564
1 0.649716
1 0.64984
1 0.649997
1 0.650169
1 0.650321
1 0.650497
1 0.65064
1 0.650807
1 0.65094
1 0.651074
1 0.651216
1 0.651345
1 0.651502
1 0.651645
1 0.651731
1 0.651888
1 0.65205
1 0.652178
1 0.65235
1 0.652445
1 0.652593
1 0.652769
1 0.652955
1 0.653136
1 0.65326
1 0.653407
1 0.653564
1 0.653688
1 0.653845
1 0.653988
1 0.654136
1 0.654326
1 0.654484
1 0.65465
1 0.654765
1 0.654893
1 0.655055
1 0.655222
1 0.655355
1 0.655489
1 0.655603
1 0.655727
1 0.655865
1 0.656008
1 0.656155
1 0.656265
1 0.656417
1 0.656617
1 0.656736
1 0.656865
1 0.656994
1 0.657141
1 0.657289
1 0.657398
1 0.657508
1 0.657665
1 0.657789
1 0.657903
1 0.658032
1 0.658156
1 0.658289
1 0.658422
1 0.658575
1 0.658732
1 0.65887
1 0.659056
1 0.659189
1 0.659299
1 0.659423
1 0.659565
1 0.659737
1 0.659832
1 0.660042
1 0.660161
1 0.660294
1 0.660451
1 0.660651
1 0.660751
1 0.66089
1 0.661061
1 0.661247
1 0.661399
1 0.661551
1 0.66169
1 0.661823
1 0.661942
1 0.662104
1 0.662242
1 0.662399
1 0.662528
1 0.662699
1 0.662837
1 0.66299
1 0.663166
1 0.663285
1 0.663376
1 0.663514
1 0.663614
1 0.663738
1 0.663885
1 0.664033
1 0.664142
1 0.664319
1 0.664457
1 0.664571
1 0.664728
1 0.664862
1 0.665028
1 0.665214
1 0.665362
1 0.6655
1 0.665624
1 0.665743
1 0.665905
1 0.666038
1 0.666224
1 0.666338
1 0.666457
1 0.666619
1 0.666776
1 0.666914
1 0.667067
1 0.667238
1 0.667348
1 0.667495
1 0.667629
1 0.667753
1 0.667905
1 0.668057
1 0.668138
1 0.668291
1 0.668448
1 0.668562
1 0.668715
1 0.668829
1 0.668938
1 0.669086
1 0.669215
1 0.66932
1 0.669453
1 0.669605
1 0.669758
1 0.669939
1 0.67012
1 0.670243
1 0.67041
1 0.67052
1 0.670658
1 0.670782
1 0.670939
1 0.671106
1 0.671263
1 0.671406
1 0.671553
1 0.671663
1 0.67182
1 0.671934
1 0.672082
1 0.672272
1 0.672353
1 0.672539
1 0.672658
1 0.67283
1 0.672963
1 0.673092
1 0.67322
1 0.673373
1 0.673525
1 0.673673
1 0.673792
1 0.673954
1 0.674111
1 0.674258
1 0.674363
1 0.674506
1 0.67462
1 0.674773
1 0.674935
1 0.675097
1 0.675192
1 0.675392
1 0.675573
1 0.67573
1 0.675883
1 0.676011
1 0.676216
1 0.67634
1 0.676506
1 0.67663
1 0.676797
1 0.676945
1 0.677021
1 0.677159
1 0.677283
1 0.677435
1 0.677578
1 0.677697
1 0.677816
1 0.677964
1 0.678078
1 0.678188
1 0.678335
1 0.678492
1 0.678659
1 0.678812
1 0.679031
1 0.679159
1 0.679374
1 0.679483
1 0.679636
1 0.679755
1 0.679878
1 0.680021
1 0.680188
1 0.680364
1 0.680479
1 0.680621
1 0.680788
1 0.680936
1 0.681083
1 0.681222
1 0.681369
1 0.681512
1 0.681693
1 0.681831
1 0.68196
1 0.682093
1 0.682231
1 0.682412
1 0.682555
1 0.682688
1 0.682836
1 0.68295
1 0.683117
1 0.683198
1 0.683327
1 0.683451
1 0.683522
1 0.683684
1 0.683827
1 0.684003
1 0.684189
1 0.684332
1 0.684503
1 0.684651
1 0.684803
1 0.68496
1 0.685098
1 0.685256
1 0.685375
1 0.685503
1 0.685651
1 0.685784
1 0.685932
1 0.686056
1 0.686227
1 0.68638
1 0.686508
1 0.686694
1 0.686851
1 0.68698
1 0.687099
1 0.68728
1 0.687413
1 0.687542
1 0.687666
1 0.687837
1 0.688004
1 0.68817
1 0.688304
1 0.688509
1 0.688599
1 0.688737
1 0.68888
1 0.68898
1 0.689071
1 0.689204
1 0.689366
1 0.689461
1 0.689642
1 0.689771
1 0.689971
1 0.690137
1 0.690285
1 0.690461
1 0.690599
1 0.690723
1 0.690928
1 0.691042
1 0.691242
1 0.691423
1 0.691566
1 0.691733
1 0.691828
1 0.691947
1 0.692133
1 0.692247
1 0.692385
1 0.692519
1 0.692695
1 0.692809
1 0.692952
1 0.693085
1 0.693186
1 0.693276
1 0.693424
1 0.693567
1 0.693662
1 0.69379
1 0.693938
1 0.694052
1 0.69419
1 0.694352
1 0.6945
1 0.694686
1 0.694757
1 0.694952
1 0.695081
1 0.695224
1 0.695362
1 0.695467
1 0.695614
1 0.695767
1 0.695876
1 0.696067
1 0.696205
1 0.696324
1 0.696524
1 0.696648
1 0.696777
1 0.696891
1 0.697
1 0.697148
1 0.697281
1 0.69742
1 0.697558
1 0.697715
1 0.697839
1 0.697996
1 0.698153
1 0.698377
1 0.69852
1 0.69861
1 0.698758
1 0.698867
1 0.699058
1 0.699215
1 0.699339
1 0.69951
1 0.699606
1 0.699758
1 0.699877
1 0.700063
1 0.700201
1 0.700339
1 0.700491
1 0.700658
1 0.70083
1 0.700944
1 0.701039
1 0.701187
1 0.701354
1 0.701444
1 0.701573
1 0.701682
1 0.701835
1 0.701982
1 0.702106
1 0.702258
1 0.702392
1 0.70252
1 0.702659
1 0.702778
1 0.702878
1 0.703025
1 0.703111
1 0.703292
1 0.703454
1 0.703597
1 0.703754
1 0.70393
1 0.704064
1 0.704206
1 0.70434
1 0.704473
1 0.704597
1 0.704707
1 0.704802
1 0.70493
1 0.705054
1 0.705178
1 0.705283
1 0.705421
1 0.705545
1 0.705683
1 0.705854
1 0.705959
1 0.706097
1 0.706226
1 0.706345
1 0.706507
1 0.706702
1 0.70685
1 0.707035
1 0.707178
1 0.707317
1 0.707488
1 0.707607
1 0.707717
1 0.707855
1 0.708002
1 0.708174
1 0.70834
1 0.708493
1 0.708622
1 0.708755
1 0.708879
1 0.709007
1 0.709155
1 0.709298
1 0.709374
1 0.70955
1 0.709726
1 0.709893
1 0.709998
1 0.710117
1 0.710207
1 0.71036
1 0.710479
1 0.710579
1 0.710722
1 0.710869
1 0.710998
1 0.711141
1 0.711246
1 0.711398
1 0.711565
1 0.711727
1 0.711865
1 0.712027
1 0.712213
1 0.712332
1 0.71247
1 0.712575
1 0.712689
1 0.712784
1 0.712927
1 0.713008
1 0.713122
1 0.713303
1 0.713441
1 0.713556
1 0.713694
1 0.713822
1 0.714008
1 0.714161
1 0.714299
1 0.714418
1 0.714575
1 0.714699
1 0.714823
1 0.715004
1 0.715165
1 0.715323
1 0.715465
1 0.71557
1 0.715675
1 0.715818
1 0.715918
1 0.716032
1 0.716128
1 0.716256
1 0.716428
1 0.716537
1 0.716656
1 0.716847
1 0.716937
1 0.717075
1 0.717204
1 0.717337
1 0.717499
1 0.717623
1 0.717756
1 0.717861
1 0.718004
1 0.718195
1 0.718304
1 0.718485
1 0.718614
1 0.718761
1 0.71888
1 0.719038
1 0.719147
1 0.719252
1 0.719352
1 0.719519
1 0.719695
1 0.719819
1 0.719938
1 0.72009
1 0.720204
1 0.720333
1 0.720481
1 0.720604
1 0.720752
1 0.720866
1 0.72099
1 0.721124
1 0.721228
1 0.721395
1 0.721476
1 0.721648
1 0.721771
1 0.721943
1 0.72209
1 0.72221
1 0.722329
1 0.722476
1 0.722605
1 0.722743
1 0.722852
1 0.723019
1 0.723176
1 0.723338
1 0.723476
1 0.72361
1 0.7237
1 0.723819
1 0.723929
1 0.724062
1 0.724191
1 0.724315
1 0.7245
1 0.724639
1 0.724781
1 0.724881
1 0.725048
1 0.72522
1 0.725353
1 0.725515
1 0.725658
1 0.725762
1 0.725877
1 0.726005
1 0.726148
1 0.726272
1 0.726406
1 0.726577
1 0.726729
1 0.726829
1 0.726987
1 0.727187
1 0.727349
1 0.727496
1 0.727629
1 0.727763
1 0.727863
1 0.728011
1 0.728111
1 0.728201
1 0.728353
1 0.728501
1 0.728625
1 0.72873
1 0.728882
1 0.729068
1 0.729225
1 0.72942
1 0.729563
1 0.729697
1 0.729801
1 0.729906
1 0.73002
1 0.730139
1 0.730254
1 0.730373
1 0.730482
1 0.730644
1 0.730735
1 0.73083
1 0.730949
1 0.731073
1 0.731244
1 0.731349
1 0.731497
1 0.731611
1 0.731787
1 0.731949
1 0.732126
1 0.73223
1 0.732345
1 0.732502
1 0.732645
1 0.732783
1 0.73294
1 0.733107
1 0.733221
1 0.73333
1 0.733454
1 0.73355
1 0.733707
1 0.733854
1 0.733988
1 0.734116
1 0.734254
1 0.734369
1 0.734507
1 0.734616
1 0.734774
1 0.734883
1 0.734993
1 0.73514
1 0.735278
1 0.735469
1 0.735602
1 0.735707
1 0.735855
1 0.735945
1 0.736079
1 0.736193
1 0.736321
1 0.736455
1 0.73655
1 0.736703
1 0.73685
1 0.736969
1 0.737131
1 0.737269
1 0.737426
1 0.737555
1 0.737688
1 0.737774
1 0.737907
1 0.738112
1 0.738265
1 0.738422
1 0.738517
1 0.73866
1 0.738817
1 0.738931
1 0.739098
1 0.739231
1 0.739379
1 0.73947
1 0.739579
1 0.739693
1 0.739789
1 0.739989
1 0.740117
1 0.740203
1 0.74036
1 0.740503
1 0.740627
1 0.740765
1 0.740884
1 0.740979
1 0.741089
1 0.741203
1 0.741351
1 0.74147
1 0.741589
1 0.741708
1 0.741861
1 0.742018
1 0.742151
1 0.742237
1 0.742384
1 0.742503
1 0.742646
1 0.742765
1 0.742885
1 0.743032
1 0.743189
1 0.74328
1 0.743394
1 0.743499
1 0.743637
1 0.743742
1 0.74387
1 0.743966
1 0.744128
1 0.74427
1 0.744394
1 0.744504
1 0.744599
1 0.744723
1 0.744851
1 0.745018
1 0.745128
1 0.74528
1 0.745433
1 0.745561
1 0.74569
1 0.745814
1 0.74598
1 0.746133
1 0.746233
1 0.746366
1 0.746471
1 0.746628
1 0.746818
1 0.746976
1 0.747123
1 0.747228
1 0.747342
1 0.747495
1 0.747657
1 0.747828
1 0.747976
1 0.74809
1 0.748223
1 0.748347
1 0.748485
1 0.748628
1 0.748757
1 0.748862
1 0.749
1 0.749133
1 0.749257
1 0.749381
1 0.749538
1 0.749657
1 0.749805
1 0.749981
1 0.750095
1 0.750224
1 0.75031
1 0.750452
1 0.750519
1 0.750686
1 0.75081
1 0.750929
1 0.751081
1 0.7512
1 0.751305
1 0.751457
1 0.751595
1 0.751715
1 0.751834
1 0.751953
1 0.752091
1 0.752205
1 0.752338
1 0.752462
1 0.752572
1 0.752667
1 0.752786
1 0.752905
1 0.753053
1 0.75311
1 0.753224
1 0.753367
1 0.753491
1 0.753629
1 0.753748
1 0.753824
1 0.753915
1 0.754039
1 0.754158
1 0.754267
1 0.754396
1 0.754515
1 0.754658
1 0.754772
1 0.754896
1 0.755001
1 0.75511
1 0.755225
1 0.755353
1 0.755491
1 0.755625
1 0.755672
1 0.755749
1 0.755882
1 0.756006
1 0.756163
1 0.756282
1 0.756382
1 0.756539
1 0.756692
1 0.756849
1 0.756939
1 0.757049
1 0.757182
1 0.757292
1 0.757463
1 0.757597
1 0.75773
1 0.757878
1 0.757992
1 0.758125
1 0.758301
1 0.758449
1 0.758568
1 0.758697
1 0.758835
1 0.758921
1 0.759073
1 0.759202
1 0.759311
1 0.759449
1 0.759554
1 0.759668
1 0.759802
1 0.759925
1 0.760054
1 0.760178
1 0.760297
1 0.76043
1 0.760545
1 0.760678
1 0.760811
1 0.760954
1 0.761107
1 0.761202
1 0.761316
1 0.761411
1 0.761507
1 0.76164
1 0.761731
1 0.761854
1 0.761964
1 0.762116
1 0.762212
1 0.762345
1 0.762469
1 0.762612
1 0.762697
1 0.762812
1 0.762931
1 0.763055
1 0.763174
1 0.763326
1 0.763445
1 0.763574
1 0.763702
1 0.76384
1 0.763983
1 0.764117
1 0.764279
1 0.764379
1 0.764498
1 0.764588
1 0.764698
1 0.764836
1 0.764931
1 0.765074
1 0.765222
1 0.765336
1 0.76546
1 0.765588
1 0.765698
1 0.765817
1 0.765941
1 0.76606
1 0.766184
1 0.766274
1 0.766412
1 0.76655
1 0.766641
1 0.766808
1 0.766917
1 0.767017
1 0.767122
1 0.767232
1 0.767365
1 0.767474
1 0.767574
1 0.767694
1 0.767808
1 0.767889
1 0.768036
1 0.768179
1 0.768341
1 0.768479
1 0.76857
1 0.768698
1 0.768765
1 0.768865
1 0.769003
1 0.769122
1 0.769241
1 0.769356
1 0.76947
1 0.76958
1 0.769694
2 0.769822
2 0.769946
2 0.770051
2 0.770208
2 0.770332
2 0.770456
2 0.770599
2 0.770713
2 0.770827
2 0.770989
2 0.771123
2 0.77127
2 0.771404
2 0.771532
2 0.771675
2 0.77178
2 0.771904
2 0.772032
2 0.772151
2 0.772256
2 0.772394
2 0.772485
2 0.772609
2 0.772756
2 0.772856
2 0.77299
2 0.773128
2 0.773323
2 0.773394
2 0.773566
2 0.773685
2 0.773776
2 0.773904
2 0.774047
2 0.77419
2 0.774304
2 0.774442
2 0.774576
2 0.77469
2 0.774842
2 0.774914
2 0.775057
2 0.775219
2 0.775361
2 0.775433
2 0.775571
2 0.775704
2 0.775809
2 0.775971
2 0.776119
2 0.776247
2 0.776366
2 0.776462
2 0.776609
2 0.776762
2 0.776866
2 0.776938
2 0.777038
2 0.777171
2 0.777295
2 0.777405
2 0.777543
2 0.777633
2 0.777757
2 0.777914
2 0.778067
2 0.778224
2 0.778352
2 0.778457
2 0.778576
2 0.7787
2 0.778838
2 0.778986
2 0.7791
2 0.779238
2 0.779372
2 0.779476
2 0.77961
2 0.779705
2 0.779843
2 0.779977
2 0.780096
2 0.780224
2 0.780372
2 0.780496
2 0.780572
2 0.780681
2 0.780781
2 0.780981
2 0.781158
2 0.781296
2 0.781434
2 0.781524
2 0.781663
2 0.781767
2 0.78192
2 0.782001
2 0.782096
2 0.782201
2 0.782339
2 0.78241
2 0.782525
2 0.78261
2 0.782725
2 0.782801
2 0.782877
2 0.78302
2 0.78311
2 0.783225
2 0.78332
2 0.783468
2 0.783591
2 0.783725
2 0.783849
2 0.783992
2 0.784092
2 0.784206
2 0.784301
2 0.784444
2 0.784568
2 0.784696
2 0.784796
2 0.784906
2 0.785006
2 0.785106
2 0.78523
2 0.785378
2 0.785458
2 0.785578
2 0.785739
2 0.78583
2 0.785954
2 0.786049
2 0.786173
2 0.786297
2 0.786411
2 0.786511
2 0.786625
2 0.786735
2 0.78684
2 0.786959
2 0.787078
2 0.787173
2 0.787292
2 0.787387
2 0.787478
2 0.787568
2 0.787678
2 0.787797
2 0.787954
2 0.788092
2 0.788211
2 0.788349
2 0.788492
2 0.788649
2 0.788754
2 0.788864
2 0.788983
2 0.789111
2 0.789164
2 0.789278
2 0.789402
2 0.789492
2 0.789583
2 0.789697
2 0.789821
2 0.789969
2 0.790059
2 0.790159
2 0.790278
2 0.790378
2 0.790502
2 0.790597
2 0.790717
2 0.790831
2 0.79094
2 0.791059
2 0.791174
2 0.791259
2 0.791345
2 0.791474
2 0.791607
2 0.791712
2 0.79184
2 0.791941
2 0.792036
2 0.792117
2 0.792212
2 0.792307
2 0.792436
2 0.792517
2 0.792636
2 0.792745
2 0.79286
2 0.792969
2 0.793093
2 0.793203
2 0.793284
2 0.793374
2 0.793507
2 0.793617
2 0.793731
2 0.793827
2 0.793917
2 0.794008
2 0.794112
2 0.794203
2 0.794317
2 0.794422
2 0.794493
2 0.794612
2 0.794693
2 0.794789
2 0.794879
2 0.794955
2 0.795046
2 0.795193
2 0.795308
2 0.795393
2 0.79546
2 0.795594
2 0.795717
2 0.795808
2 0.795936
2 0.796041
2 0.796136
2 0.796237
2 0.796351
2 0.796441
2 0.796556
2 0.796713
2 0.796822
2 0.796951
2 0.797051
2 0.797127
2 0.797237
2 0.797337
2 0.79746
2 0.79757
2 0.797665
2 0.797765
2 0.797875
2 0.797965
2 0.798065
2 0.798161
2 0.798275
2 0.798404
2 0.798499
2 0.798589
2 0.798704
2 0.798856
2 0.798946
2 0.799066
2 0.799147
2 0.799251
2 0.799394
2 0.799528
2 0.799623
2 0.799742
2 0.799842
2 0.799956
2 0.800061
2 0.80018
2 0.800318
2 0.800447
2 0.800547
2 0.800632
2 0.800718
2 0.800852
2 0.800956
2 0.801066
2 0.801152
2 0.801247
2 0.801342
2 0.801499
2 0.801618
2 0.801704
2 0.801837
2 0.801976
2 0.802104
2 0.802195
2 0.802319
2 0.802376
2 0.802504
2 0.802561
2 0.802628
2 0.802723
2 0.802819
2 0.802876
2 0.803023
2 0.803157
2 0.803266
2 0.803371
2 0.8035
2 0.803619
2 0.803681
2 0.803762
2 0.803881
2 0.804004
2 0.804157
2 0.804252
2 0.804343
2 0.804443
2 0.804552
2 0.804695
2 0.804795
2 0.804871
2 0.804938
2 0.805033
2 0.805167
2 0.805305
2 0.805381
2 0.805543
2 0.805648
2 0.805767
2 0.805881
2 0.805995
2 0.806133
2 0.806243
2 0.806372
2 0.806462
2 0.806567
2 0.806657
2 0.806719
2 0.806824
2 0.806938
2 0.807067
2 0.807143
2 0.807291
2 0.807372
2 0.807481
2 0.807605
2 0.807691
2 0.807824
2 0.807915
2 0.808043
2 0.808229
2 0.808377
2 0.808472
2 0.808581
2 0.80871
2 0.808791
2 0.80891
2 0.808972
2 0.809067
2 0.809201
2 0.809291
2 0.809391
2 0.809467
2 0.809553
2 0.809663
2 0.809767
2 0.809858
2 0.809982
2 0.810101
2 0.810187
2 0.810277
2 0.810382
2 0.81051
2 0.81062
2 0.810763
2 0.810887
2 0.810977
2 0.811125
2 0.811211
2 0.811277
2 0.811391
2 0.811472
2 0.811582
2 0.811668
2 0.811777
2 0.811882
2 0.811992
2 0.812058
2 0.812163
2 0.812234
2 0.812373
2 0.81253
2 0.812606
2 0.812749
2 0.812873
2 0.812949
2 0.813068
2 0.813216
2 0.813325
2 0.813425
2 0.813516
2 0.813611
2 0.813739
2 0.81382
2 0.813925
2 0.814059
2 0.814159
2 0.814263
2 0.814373
2 0.814506
2 0.814616
2 0.814711
2 0.814797
2 0.814873
2 0.815006
2 0.815111
2 0.815197
2 0.815302
2 0.815378
2 0.815449
2 0.815578
2 0.815659
2 0.815764
2 0.815878
2 0.81594
2 0.816035
2 0.816126
2 0.816211
2 0.816269
2 0.81634
2 0.816488
2 0.816602
2 0.816702
2 0.816826
2 0.81695
2 0.81705
2 0.817192
2 0.817302
2 0.817397
2 0.817516
2 0.817635
2 0.817716
2 0.817797
2 0.817912
2 0.818031
2 0.818131
2 0.818216
2 0.818302
2 0.818421
2 0.818516
2 0.818602
2 0.818721
2 0.818778
2 0.818859
2 0.818955
2 0.81905
2 0.819131
2 0.819212
2 0.819307
2 0.819379
2 0.819459
2 0.819545
2 0.819641
2 0.819741
2 0.819826
2 0.819931
2 0.819998
2 0.820088
2 0.820164
2 0.820298
2 0.82036
2 0.820484
2 0.820617
2 0.820707
2 0.820803
2 0.820874
2 0.820946
2 0.82105
2 0.821179
2 0.821279
2 0.821407
2 0.821479
2 0.82155
2 0.821646
2 0.82176
2 0.821846
2 0.82195
2 0.822046
2 0.82215
2 0.822227
2 0.822341
2 0.822412
2 0.822503
2 0.822641
2 0.822727
2 0.822817
2 0.822913
2 0.823036
2 0.823136
2 0.823227
2 0.823279
2 0.823389
2 0.823489
2 0.823579
2 0.823675
2 0.82376
2 0.823851
2 0.823965
2 0.824051
2 0.824151
2 0.824232
2 0.824332
2 0.824432
2 0.824518
2 0.824656
2 0.824708
2 0.824808
2 0.824894
2 0.824984
2 0.825084
2 0.825208
2 0.825265
2 0.825361
2 0.825475
2 0.825584
2 0.825665
2 0.825775
2 0.825875
2 0.825975
2 0.826084
2 0.82618
2 0.826285
2 0.826427
2 0.826499
2 0.826604
2 0.826704
2 0.826785
2 0.826904
2 0.827032
2 0.827118
2 0.827218
2 0.827342
2 0.827437
2 0.827561
2 0.827647
2 0.827742
2 0.827828
2 0.827899
2 0.827999
2 0.828113
2 0.828185
2 0.82829
2 0.82839
2 0.828485
2 0.828552
2 0.828633
2 0.828742
2 0.828842
2 0.828918
2 0.829066
2 0.829156
2 0.829252
2 0.829347
2 0.829471
2 0.829566
2 0.829666
2 0.829761
2 0.829861
2 0.829938
2 0.830009
2 0.830104
2 0.830185
2 0.830295
2 0.8304
2 0.830504
2 0.8306
2 0.830685
2 0.830766
2 0.830862
2 0.83099
2 0.831047
2 0.831171
2 0.831266
2 0.831366
2 0.831457
2 0.831595
2 0.831681
2 0.83179
2 0.831914
2 0.83199
2 0.832066
2 0.832119
2 0.832205
2 0.832333
2 0.832414
2 0.832524
2 0.832643
2 0.832709
2 0.832843
2 0.832943
2 0.833019
2 0.833109
2 0.833243
2 0.833314
2 0.833367
2 0.833462
2 0.833538
2 0.83361
2 0.833695
2 0.833814
2 0.833895
2 0.83401
2 0.834072
2 0.834162
2 0.834262
2 0.834376
2 0.834486
2 0.834581
2 0.834719
2 0.8348
2 0.834872
2 0.834996
2 0.835105
2 0.835186
2 0.835257
2 0.835353
2 0.835438
2 0.835543
2 0.835643
2 0.835724
2 0.835805
2 0.835872
2 0.835986
2 0.83611
2 0.836205
2 0.836277
2 0.836386
2 0.836524
2 0.836634
2 0.83671
2 0.836801
2 0.836901
2 0.836963
2 0.83702
2 0.837105
2 0.837234
2 0.83731
2 0.837382
2 0.837482
2 0.837586
2 0.837658
2 0.837729
2 0.837863
2 0.837963
2 0.838034
2 0.838125
2 0.838244
2 0.838353
2 0.838439
2 0.838529
2 0.83862
2 0.838682
2 0.838758
2 0.838853
2 0.838915
2 0.83901
2 0.839087
2 0.839134
2 0.839244
2 0.839334
2 0.839415
2 0.839492
2 0.839568
2 0.83963
2 0.839725
2 0.839806
2 0.839911
2 0.839987
2 0.840073
2 0.840173
2 0.840254
2 0.840358
2 0.840477
2 0.840573
2 0.840654
2 0.840768
2 0.84083
2 0.840901
2 0.841006
2 0.841063
2 0.841154
2 0.841239
2 0.841335
2 0.841425
2 0.841473
2 0.84154
2 0.841635
2 0.84174
2 0.841863
2 0.841935
2 0.842001
2 0.842087
2 0.842168
2 0.842254
2 0.842359
2 0.842425
2 0.842516
2 0.842597
2 0.842687
2 0.842749
2 0.842844
2 0.842935
2 0.84303
2 0.843135
2 0.843183
2 0.843259
2 0.843349
2 0.843435
2 0.843516
2 0.843592
2 0.843692
2 0.843787
2 0.843868
2 0.843964
2 0.844078
2 0.844149
2 0.844254
2 0.84433
2 0.84444
2 0.844502
2 0.844583
2 0.844669
2 0.844707
2 0.844811
2 0.844907
2 0.845007
2 0.845083
2 0.845159
2 0.84524
2 0.845312
2 0.845383
2 0.845469
2 0.845526
2 0.845597
2 0.845707
2 0.845812
2 0.845916
2 0.846007
2 0.846107
2 0.846207
2 0.846312
2 0.846431
2 0.846536
2 0.846636
2 0.846702
2 0.846779
2 0.846869
2 0.846998
2 0.847069
2 0.84715
2 0.847217
2 0.847288
2 0.847383
2 0.84746
2 0.847545
2 0.84765
2 0.84775
2 0.847826
2 0.847922
2 0.848036
2 0.848141
2 0.848226
2 0.848284
2 0.848379
2 0.848455
2 0.848522
2 0.848545
2 0.848655
2 0.848707
2 0.848812
2 0.848898
2 0.848998
2 0.849103
2 0.849188
2 0.849279
2 0.849398
2 0.849465
2 0.849541
2 0.849608
2 0.849708
2 0.849817
2 0.849908
2 0.849979
2 0.850074
2 0.85017
2 0.850246
2 0.850322
2 0.850436
2 0.850546
2 0.850641
2 0.850727
2 0.850817
2 0.850955
2 0.851027
2 0.851113
2 0.851232
2 0.851336
2 0.851403
2 0.851517
2 0.851598
2 0.85167
2 0.851717
2 0.851784
2 0.85186
2 0.851956
2 0.852017
2 0.852117
2 0.852222
2 0.852303
2 0.852413
2 0.852479
2 0.852556
2 0.852627
2 0.852727
2 0.852799
2 0.852884
2 0.852951
2 0.85307
2 0.853141
2 0.853237
2 0.853308
2 0.85338
2 0.853427
2 0.853503
2 0.853599
2 0.853684
2 0.85378
2 0.853932
2 0.854032
2 0.854123
2 0.854237
2 0.854342
2 0.854427
2 0.854499
2 0.854556
2 0.854613
2 0.85467
2 0.854723
2 0.854813
2 0.854894
2 0.854961
2 0.85508
2 0.85518
2 0.855313
2 0.85537
2 0.855451
2 0.855532
2 0.855675
2 0.85578
2 0.855875
2 0.855951
2 0.856032
2 0.856094
2 0.856166
2 0.856323
2 0.856394
2 0.856466
2 0.856571
2 0.856671
2 0.856766
2 0.856847
2 0.856928
2 0.857004
2 0.85708
2 0.857161
2 0.857242
2 0.857342
2 0.857423
2 0.857499
2 0.857552
2 0.857647
2 0.857714
2 0.857785
2 0.857852
2 0.857899
2 0.857971
2 0.858071
2 0.858171
2 0.858242
2 0.858319
2 0.858409
2 0.858476
2 0.858571
2 0.858638
2 0.858704
2 0.858781
2 0.858852
2 0.858928
2 0.859014
2 0.859119
2 0.859195
2 0.859252
2 0.859333
2 0.859452
2 0.859566
2 0.859643
2 0.859724
2 0.859805
2 0.859876
2 0.859938
2 0.860024
2 0.860133
2 0.860224
2 0.8603
2 0.86039
2 0.860514
2 0.860576
2 0.860676
2 0.860762
2 0.860848
2 0.860919
2 0.860995
2 0.861086
2 0.861171
2 0.861252
2 0.861314
2 0.861386
2 0.861448
2 0.861495
2 0.861562
2 0.861662
2 0.861724
2 0.861772
2 0.861872
2 0.861972
2 0.862019
2 0.862086
2 0.862176
2 0.862248
2 0.862348
2 0.862443
2 0.862505
2 0.862567
2 0.862615
2 0.862719
2 0.86281
2 0.862891
2 0.862967
2 0.863019
2 0.863081
2 0.863162
2 0.863224
2 0.8633
2 0.863367
2 0.863405
2 0.863458
2 0.863529
2 0.863596
2 0.863643
2 0.863743
2 0.863805
2 0.863891
2 0.863967
2 0.864034
2 0.864143
2 0.864229
2 0.864343
2 0.864434
2 0.86452
2 0.864601
2 0.864696
2 0.864782
2 0.864848
2 0.864915
2 0.865005
2 0.865077
2 0.865177
2 0.865253
2 0.86532
2 0.865415
2 0.865501
2 0.865572
2 0.865634
2 0.865739
2 0.86581
2 0.865915
2 0.865987
2 0.866087
2 0.866168
2 0.86621
2 0.866268
2 0.866363
2 0.866449
2 0.866544
2 0.86662
2 0.866687
2 0.866787
2 0.866858
2 0.86692
2 0.867015
2 0.867096
2 0.867182
2 0.867239
2 0.867311
2 0.867377
2 0.867425
2 0.867492
2 0.867573
2 0.867687
2 0.867744
2 0.867815
2 0.867911
2 0.867977
2 0.868044
3 0.868144
3 0.868244
3 0.868306
3 0.868387
3 0.868482
3 0.868568
3 0.868663
3 0.86873
3 0.868806
3 0.868882
3 0.868954
3 0.869054
3 0.869163
3 0.869235
3 0.869311
3 0.869387
3 0.869473
3 0.86963
3 0.869706
3 0.869811
3 0.869906
3 0.869968
3 0.870078
3 0.870149
3 0.870249
3 0.870325
3 0.870392
3 0.870454
3 0.870544
3 0.870587
3 0.870678
3 0.870721
3 0.870778
3 0.87084
3 0.87094
3 0.871011
3 0.871106
3 0.871154
3 0.871216
3 0.87133
3 0.871392
3 0.871492
3 0.871564
3 0.871654
3 0.871745
3 0.871792
3 0.871868
3 0.871964
3 0.872054
3 0.872121
3 0.872235
3 0.872288
3 0.872369
3 0.872431
3 0.872497
3 0.872588
3 0.872631
3 0.872716
3 0.872816
3 0.872897
3 0.872988
3 0.873059
3 0.873116
3 0.873173
3 0.873226
3 0.873316
3 0.873407
3 0.873483
3 0.873574
3 0.873659
3 0.873726
3 0.873807
3 0.873883
3 0.873997
3 0.874074
3 0.874136
3 0.874183
3 0.874297
3 0.874374
3 0.874412
3 0.874493
3 0.874593
3 0.874659
3 0.874755
3 0.874826
3 0.874879
3 0.874931
3 0.875055
3 0.875121
3 0.875198
3 0.875255
3 0.875293
3 0.87536
3 0.875417
3 0.875502
3 0.875607
3 0.875683
3 0.875764
3 0.875831
3 0.875879
3 0.875998
3 0.876088
3 0.876155
3 0.876207
3 0.876284
3 0.876384
3 0.876445
3 0.876493
3 0.876579
3 0.876674
3 0.876779
3 0.876855
3 0.876936
3 0.877046
3 0.877127
3 0.877198
3 0.87726
3 0.87735
3 0.877431
3 0.877517
3 0.877598
3 0.877698
3 0.877779
3 0.87785
3 0.877903
3 0.877955
3 0.877998
3 0.878098
3 0.878174
3 0.878227
3 0.878303
3 0.87837
3 0.878441
3 0.878489
3 0.878574
3 0.878641
3 0.878717
3 0.87877
3 0.878827
3 0.878941
3 0.879013
3 0.879084
3 0.87917
3 0.879241
3 0.879327
3 0.879394
3 0.87946
3 0.879532
3 0.879603
3 0.879689
3 0.879756
3 0.879856
3 0.879965
3 0.880013
3 0.880137
3 0.880222
3 0.880265
3 0.880346
3 0.880399
3 0.88047
3 0.880541
3 0.880599
3 0.88067
3 0.880718
3 0.880832
3 0.880889
3 0.880946
3 0.880999
3 0.881084
3 0.881142
3 0.881222
3 0.881299
3 0.881365
3 0.881451
3 0.881532
3 0.881604
3 0.881675
3 0.881727
3 0.881775
3 0.881846
3 0.881937
3 0.882013
3 0.882085
3 0.882127
3 0.882175
3 0.882208
3 0.882299
3 0.882351
3 0.882418
3 0.882475
3 0.882508
3 0.882604
3 0.882675
3 0.882747
3 0.882775
3 0.882861
3 0.882928
3 0.882999
3 0.883085
3 0.883161
3 0.883209
3 0.88328
3 0.883361
3 0.883466
3 0.883551
3 0.883637
3 0.883718
3 0.883785
3 0.883837
3 0.883885
3 0.883923
3 0.883994
3 0.884085
3 0.884142
3 0.884204
3 0.884271
3 0.884371
3 0.884456
3 0.884528
3 0.884595
3 0.884661
3 0.884747
3 0.884804
3 0.884856
3 0.884942
3 0.885028
3 0.885085
3 0.885128
3 0.885185
3 0.885247
3 0.885304
3 0.885404
3 0.885461
3 0.885533
3 0.88559
3 0.885628
3 0.88569
3 0.885761
3 0.885838
3 0.885899
3 0.885971
3 0.886038
3 0.886138
3 0.886195
3 0.886252
3 0.886319
3 0.886366
3 0.886452
3 0.886519
3 0.88659
3 0.886676
3 0.886723
3 0.886795
3 0.886871
3 0.886962
3 0.887024
3 0.887076
3 0.887124
3 0.887176
3 0.887276
3 0.887319
3 0.887381
3 0.887443
3 0.887505
3 0.887581
3 0.887638
3 0.887719
3 0.887819
3 0.8879
3 0.88799
3 0.888052
3 0.888128
3 0.888195
3 0.88829
3 0.888338
3 0.888419
3 0.8885
3 0.888557
3 0.888648
3 0.888714
3 0.88879
3 0.888895
3 0.888962
3 0.889019
3 0.889081
3 0.889124
3 0.889205
3 0.889291
3 0.889357
3 0.889452
3 0.889538
3 0.889643
3 0.889705
3 0.889757
3 0.88981
3 0.889891
3 0.889929
3 0.889991
3 0.890024
3 0.890091
3 0.890181
3 0.890248
3 0.890334
3 0.8904
3 0.890443
3 0.890496
3 0.890567
3 0.890629
3 0.890686
3 0.890753
3 0.89081
3 0.890924
3 0.890981
3 0.891019
3 0.891072
3 0.891119
3 0.8912
3 0.891258
3 0.891334
3 0.891405
3 0.891477
3 0.891539
3 0.8916
3 0.891662
3 0.891724
3 0.891777
3 0.891824
3 0.891891
3 0.891986
3 0.892053
3 0.892101
3 0.892158
3 0.892248
3 0.89232
3 0.892382
3 0.892424
3 0.892458
3 0.892548
3 0.89262
3 0.892701
3 0.892763
3 0.892844
3 0.892934
3 0.892986
3 0.893034
3 0.893091
3 0.893177
3 0.893234
3 0.89332
3 0.893406
3 0.893463
3 0.893548
3 0.893591
3 0.893634
3 0.893696
3 0.893753
3 0.893801
3 0.893858
3 0.893939
3 0.89401
3 0.894106
3 0.894163
3 0.894206
3 0.894277
3 0.894344
3 0.894382
3 0.894453
3 0.89453
3 0.89462
3 0.89472
3 0.894758
3 0.894858
3 0.89492
3 0.894963
3 0.89503
3 0.895068
3 0.895087
3 0.895168
3 0.89523
3 0.89533
3 0.895382
3 0.89542
3 0.895487
3 0.895539
3 0.895601
3 0.895682
3 0.895758
3 0.895835
3 0.895892
3 0.895958
3 0.896016
3 0.896063
3 0.896111
3 0.896187
3 0.89623
3 0.896297
3 0.896387
3 0.896439
3 0.896516
3 0.896597
3 0.896687
3 0.896711
3 0.896787
3 0.896873
3 0.896954
3 0.897049
3 0.897111
3 0.897168
3 0.897268
3 0.897349
3 0.897421
3 0.897487
3 0.897578
3 0.897644
3 0.897678
3 0.897711
3 0.897768
3 0.897811
3 0.897868
3 0.897944
3 0.898025
3 0.898087
3 0.898168
3 0.898216
3 0.898264
3 0.898373
3 0.898425
3 0.898492
3 0.898554
3 0.898625
3 0.898683
3 0.898726
3 0.898797
3 0.898873
3 0.898945
3 0.898992
3 0.899045
3 0.899087
3 0.899149
3 0.899178
3 0.899226
3 0.899292
3 0.899321
3 0.899383
3 0.89944
3 0.899488
3 0.899535
3 0.899616
3 0.899697
3 0.899735
3 0.899797
3 0.899864
3 0.899926
3 0.900002
3 0.900064
3 0.900135
3 0.900192
3 0.900231
3 0.900292
3 0.900335
3 0.900397
3 0.900459
3 0.900521
3 0.900564
3 0.900626
3 0.900707
3 0.90075
3 0.900821
3 0.900902
3 0.900954
3 0.901021
3 0.901069
3 0.901131
3 0.901183
3 0.90124
3 0.901283
3 0.901345
3 0.901383
3 0.901459
3 0.901545
3 0.901621
3 0.90174
3 0.901788
3 0.901864
3 0.901902
3 0.901964
3 0.902055
3 0.902112
3 0.902155
3 0.902207
3 0.902269
3 0.902312
3 0.902393
3 0.902483
3 0.90254
3 0.902593
3 0.902664
3 0.902717
3 0.902759
3 0.902802
3 0.902879
3 0.902926
3 0.903007
3 0.903055
3 0.903112
3 0.903183
3 0.903231
3 0.903298
3 0.903341
3 0.903379
3 0.903417
3 0.903483
3 0.90356
3 0.903617
3 0.903707
3 0.903774
3 0.903807
3 0.903874
3 0.903922
3 0.903979
3 0.90405
3 0.904103
3 0.904145
3 0.904198
3 0.904241
3 0.904293
3 0.904355
3 0.904388
3 0.904441
3 0.904498
3 0.904569
3 0.904612
3 0.904684
3 0.904727
3 0.904808
3 0.90485
3 0.904908
3 0.904998
3 0.905069
3 0.905141
3 0.905193
3 0.905255
3 0.905308
3 0.905341
3 0.905412
3 0.90545
3 0.905541
3 0.905617
3 0.905646
3 0.905689
3 0.905779
3 0.905831
3 0.905884
3 0.905931
3 0.905979
3 0.906046
3 0.906108
3 0.906165
3 0.906246
3 0.906317
3 0.90636
3 0.906389
3 0.906455
3 0.906508
3 0.906579
3 0.906636
3 0.906684
3 0.90677
3 0.906855
3 0.906908
3 0.90696
3 0.907017
3 0.907079
3 0.90717
3 0.907265
3 0.907327
3 0.907413
3 0.907517
3 0.90757
3 0.907632
3 0.907675
3 0.907751
3 0.907813
3 0.907879
3 0.907927
3 0.907979
3 0.908018
3 0.908118
3 0.90816
3 0.908237
3 0.908299
3 0.90836
3 0.908446
3 0.90847
3 0.908518
3 0.908575
3 0.908622
3 0.908689
3 0.908737
3 0.908784
3 0.908827
3 0.908861
3 0.908932
3 0.908989
3 0.909061
3 0.909127
3 0.909203
3 0.90928
3 0.909332
3 0.909384
3 0.909427
3 0.909489
3 0.909565
3 0.909599
3 0.909665
3 0.909737
3 0.909799
3 0.909842
3 0.909885
3 0.909918
3 0.909989
3 0.910056
3 0.910123
3 0.910175
3 0.910232
3 0.910304
3 0.910351
3 0.910428
3 0.910485
3 0.910518
3 0.910604
3 0.910704
3 0.910742
3 0.910794
3 0.910861
3 0.910918
3 0.910985
3 0.911047
3 0.91109
3 0.911123
3 0.911166
3 0.911209
3 0.911261
3 0.911342
3 0.911399
3 0.911432
3 0.911504
3 0.911556
3 0.911604
3 0.911647
3 0.911718
3 0.911761
3 0.911833
3 0.911899
3 0.911937
3 0.911966
3 0.911999
3 0.912061
3 0.912118
3 0.912194
3 0.912242
3 0.91228
3 0.912314
3 0.912366
3 0.912395
3 0.91248
3 0.912528
3 0.912575
3 0.912637
3 0.912695
3 0.912747
3 0.91279
3 0.912828
3 0.912871
3 0.912914
3 0.912957
3 0.912985
3 0.913037
3 0.913095
3 0.913123
3 0.913185
3 0.913223
3 0.91328
3 0.913328
3 0.913385
3 0.913418
3 0.91349
3 0.913557
3 0.913642
3 0.913709
3 0.913766
3 0.913823
3 0.913866
3 0.91389
3 0.913952
3 0.914004
3 0.914033
3 0.9141
3 0.914133
3 0.91419
3 0.914252
3 0.9143
3 0.914342
3 0.9144
3 0.914495
3 0.914542
3 0.9146
3 0.914657
3 0.914704
3 0.914771
3 0.914847
3 0.914923
3 0.914952
3 0.914995
3 0.915047
3 0.915085
3 0.915143
3 0.91519
3 0.915228
3 0.915281
3 0.915328
3 0.915385
3 0.915438
3 0.915476
3 0.915538
3 0.9156
3 0.91569
3 0.915743
3 0.915805
3 0.915871
3 0.915928
3 0.915971
3 0.915995
3 0.916033
3 0.916076
3 0.916162
3 0.916214
3 0.916248
3 0.916281
3 0.916338
3 0.916386
3 0.916438
3 0.916476
3 0.916538
3 0.916567
3 0.916629
3 0.916676
3 0.916724
3 0.916776
3 0.916843
3 0.91691
3 0.916991
3 0.917033
3 0.9171
3 0.917138
3 0.917214
3 0.917262
3 0.917295
3 0.917357
3 0.917405
3 0.917495
3 0.917548
3 0.9176
3 0.917653
3 0.91771
3 0.917762
3 0.9178
3 0.917862
3 0.917895
3 0.917976
3 0.918062
3 0.918115
3 0.918148
3 0.918224
3 0.918291
3 0.918353
3 0.918405
3 0.918438
3 0.918481
3 0.918543
3 0.9186
3 0.918638
3 0.918667
3 0.918715
3 0.91881
3 0.918872
3 0.918934
3 0.919
3 0.919043
3 0.9191
3 0.919138
3 0.919205
3 0.919272
3 0.919315
3 0.919348
3 0.919372
3 0.919429
3 0.919467
3 0.919543
3 0.919581
3 0.919624
3 0.919658
3 0.919724
3 0.919753
3 0.919829
3 0.919862
3 0.919896
3 0.919958
3 0.920015
3 0.920062
3 0.920096
3 0.920139
3 0.920191
3 0.920243
3 0.920282
3 0.920334
3 0.920386
3 0.920439
3 0.920505
3 0.920572
3 0.920615
3 0.920644
3 0.92071
3 0.920782
3 0.920844
3 0.920877
3 0.920915
3 0.920953
3 0.921001
3 0.921048
3 0.921101
3 0.921139
3 0.921167
3 0.921196
3 0.921263
3 0.921306
3 0.921358
3 0.921429
3 0.921458
3 0.921529
3 0.921572
3 0.921606
3 0.921677
3 0.921715
3 0.921791
3 0.92182
3 0.921868
3 0.92191
3 0.921944
3 0.921987
3 0.922029
3 0.922058
3 0.922096
3 0.922158
3 0.922191
3 0.922215
3 0.922296
3 0.922339
3 0.92241
3 0.922458
3 0.922491
3 0.922577
3 0.92262
3 0.922687
3 0.922725
3 0.922806
3 0.922868
3 0.92292
3 0.922953
3 0.923015
3 0.923092
3 0.923154
3 0.923206
3 0.923239
3 0.923277
3 0.923363
3 0.923411
3 0.923463
3 0.923506
3 0.923539
3 0.923615
3 0.923677
3 0.923715
3 0.923739
3 0.923796
3 0.92383
3 0.923892
3 0.923944
3 0.924001
3 0.924054
3 0.924077
3 0.924111
3 0.92412
3 0.924168
3 0.924206
3 0.924249
3 0.924306
3 0.924373
3 0.924439
3 0.924487
3 0.92453
3 0.924578
3 0.924635
3 0.924682
3 0.92473
3 0.924811
3 0.924868
3 0.924911
3 0.924968
3 0.925001
3 0.925049
3 0.925097
3 0.925144
3 0.925178
3 0.925235
3 0.925292
3 0.925354
3 0.925387
3 0.925435
3 0.925492
3 0.925535
3 0.925597
3 0.92564
3 0.925687
3 0.925759
3 0.925816
3 0.925864
3 0.925902
3 0.925925
3 0.925973
3 0.926044
3 0.926111
3 0.926149
3 0.926192
3 0.926235
3 0.926292
3 0.926345
3 0.926387
3 0.926435
3 0.926478
3 0.92653
3 0.926573
3 0.92663
3 0.926664
3 0.926716
3 0.926749
3 0.926773
3 0.926787
3 0.926826
3 0.926868
3 0.926902
3 0.92694
3 0.926997
3 0.927011
3 0.927054
3 0.927107
3 0.927154
3 0.927192
3 0.927221
3 0.927283
3 0.927349
3 0.927388
3 0.927435
3 0.927449
3 0.927521
3 0.927569
3 0.927616
3 0.927669
3 0.927726
3 0.927773
3 0.927816
3 0.927888
3 0.92795
3 0.928002
3 0.928054
3 0.928111
3 0.928159
3 0.928197
3 0.928231
3 0.928307
3 0.928378
3 0.92845
3 0.92854
3 0.928573
3 0.928626
3 0.928683
3 0.928712
3 0.928745
3 0.928812
3 0.928893
3 0.928921
3 0.928988
3 0.92905
3 0.929064
3 0.929102
3 0.929145
3 0.929212
3 0.929259
3 0.92934
3 0.929397
4 0.929445
4 0.929526
4 0.929569
4 0.929621
4 0.929674
4 0.929712
4 0.929726
4 0.929778
4 0.92984
4 0.929902
4 0.929955
4 0.929988
4 0.930031
4 0.930074
4 0.930131
4 0.930198
4 0.930226
4 0.930302
4 0.930336
4 0.930379
4 0.930431
4 0.930493
4 0.930526
4 0.93055
4 0.930564
4 0.930593
4 0.930636
4 0.930664
4 0.930717
4 0.930755
4 0.930802
4 0.930864
4 0.930902
4 0.930936
4 0.930979
4 0.931012
4 0.931064
4 0.931102
4 0.931136
4 0.931183
4 0.931236
4 0.931269
4 0.931331
4 0.931364
4 0.931412
4 0.931431
4 0.931474
4 0.931531
4 0.93155
4 0.931617
4 0.93165
4 0.931679
4 0.931731
4 0.931793
4 0.931826
4 0.931893
4 0.931926
4 0.931998
4 0.932031
4 0.932074
4 0.932098
4 0.93215
4 0.932169
4 0.932222
4 0.932288
4 0.932331
4 0.932384
4 0.932417
4 0.93246
4 0.932507
4 0.932536
4 0.932569
4 0.932617
4 0.932665
4 0.932736
4 0.932755
4 0.932812
4 0.93286
4 0.932903
4 0.93295
4 0.932998
4 0.933055
4 0.933112
4 0.93316
4 0.933189
4 0.933236
4 0.933289
4 0.933379
4 0.933427
4 0.933465
4 0.933503
4 0.933541
4 0.933579
4 0.933612
4 0.933651
4 0.933703
4 0.93376
4 0.933803
4 0.933827
4 0.933855
4 0.933898
4 0.933946
4 0.933965
4 0.934003
4 0.934041
4 0.934084
4 0.934141
4 0.934189
4 0.934236
4 0.934274
4 0.934308
4 0.934355
4 0.934408
4 0.934427
4 0.934479
4 0.934513
4 0.934565
4 0.934613
4 0.934655
4 0.934694
4 0.934727
4 0.934789
4 0.934846
4 0.934889
4 0.934956
4 0.935003
4 0.935065
4 0.935113
4 0.935165
4 0.935208
4 0.935256
4 0.935289
4 0.935351
4 0.935394
4 0.935446
4 0.935498
4 0.935546
4 0.93557
4 0.935598
4 0.93567
4 0.935713
4 0.935746
4 0.935799
4 0.935837
4 0.935899
4 0.935956
4 0.935989
4 0.936037
4 0.93608
4 0.936137
4 0.936184
4 0.936232
4 0.93628
4 0.936313
4 0.936361
4 0.936413
4 0.936427
4 0.936461
4 0.936508
4 0.936532
4 0.936584
4 0.936642
4 0.936684
4 0.936722
4 0.936775
4 0.936799
4 0.936818
4 0.936851
4 0.936884
4 0.936932
4 0.936975
4 0.937032
4 0.937075
4 0.937113
4 0.93717
4 0.937204
4 0.937246
4 0.937289
4 0.937313
4 0.937389
4 0.937408
4 0.937437
4 0.937499
4 0.937537
4 0.93757
4 0.937627
4 0.937661
4 0.937699
4 0.937746
4 0.937813
4 0.937846
4 0.937866
4 0.937894
4 0.937961
4 0.937994
4 0.938028
4 0.938075
4 0.938151
4 0.938185
4 0.938232
4 0.93828
4 0.938347
4 0.938399
4 0.938442
4 0.938461
4 0.938499
4 0.938537
4 0.93857
4 0.938585
4 0.938623
4 0.938656
4 0.938666
4 0.938704
4 0.938742
4 0.93878
4 0.938823
4 0.938866
4 0.938913
4 0.938966
4 0.93899
4 0.939018
4 0.939051
4 0.93909
4 0.939142
4 0.939166
4 0.939194
4 0.939223
4 0.939247
4 0.939285
4 0.939323
4 0.939371
4 0.939418
4 0.939485
4 0.939542
4 0.93959
4 0.939618
4 0.939647
4 0.939652
4 0.939699
4 0.939733
4 0.939761
4 0.939809
4 0.939823
4 0.939837
4 0.939875
4 0.939914
4 0.939947
4 0.939994
4 0.940052
4 0.940094
4 0.940166
4 0.940214
4 0.940256
4 0.94029
4 0.940314
4 0.940366
4 0.940395
4 0.940433
4 0.94049
4 0.940542
4 0.940561
4 0.940595
4 0.940628
4 0.940661
4 0.940709
4 0.940766
4 0.940809
4 0.940861
4 0.940909
4 0.940928
4 0.940971
4 0.941009
4 0.941057
4 0.941095
4 0.941109
4 0.941142
4 0.941185
4 0.941209
4 0.941247
4 0.941285
4 0.941309
4 0.941371
4 0.941419
4 0.941452
4 0.941523
4 0.941552
4 0.941604
4 0.941661
4 0.941714
4 0.941742
4 0.94179
4 0.941833
4 0.941857
4 0.941876
4 0.941909
4 0.941957
4 0.941985
4 0.942
4 0.942052
4 0.942066
4 0.942095
4 0.942123
4 0.942162
4 0.942223
4 0.942266
4 0.942295
4 0.942338
4 0.942395
4 0.942443
4 0.942481
4 0.942509
4 0.942562
4 0.942614
4 0.942676
4 0.942714
4 0.942757
4 0.942809
4 0.942881
4 0.942919
4 0.942952
4 0.942995
4 0.943038
4 0.943081
4 0.943133
4 0.9432
4 0.943238
4 0.943281
4 0.943319
4 0.943371
4 0.943405
4 0.943443
4 0.943509
4 0.943595
4 0.943624
4 0.943671
4 0.943728
4 0.943762
4 0.943795
4 0.943828
4 0.943857
4 0.943895
4 0.943943
4 0.943995
4 0.944019
4 0.944048
4 0.94409
4 0.944109
4 0.944157
4 0.944186
4 0.944238
4 0.94429
4 0.944324
4 0.944352
4 0.944433
4 0.944462
4 0.944495
4 0.944562
4 0.944591
4 0.944638
4 0.944676
4 0.944705
4 0.944743
4 0.944781
4 0.944819
4 0.944852
4 0.944886
4 0.944929
4 0.944962
4 0.944991
4 0.945019
4 0.945038
4 0.945072
4 0.945095
4 0.945153
4 0.945195
4 0.945229
4 0.945291
4 0.945319
4 0.945348
4 0.945381
4 0.945386
4 0.945419
4 0.945448
4 0.945491
4 0.945514
4 0.945581
4 0.945634
4 0.9457
4 0.945738
4 0.945753
4 0.945781
4 0.94581
4 0.945853
4 0.945886
4 0.945934
4 0.945957
4 0.945991
4 0.946043
4 0.946072
4 0.946105
4 0.946143
4 0.946186
4 0.946205
4 0.946224
4 0.946257
4 0.9463
4 0.946348
4 0.946372
4 0.94641
4 0.946453
4 0.946486
4 0.946515
4 0.946567
4 0.946615
4 0.946634
4 0.946658
4 0.946686
4 0.9467
4 0.946729
4 0.946753
4 0.946796
4 0.946843
4 0.946872
4 0.946891
4 0.946924
4 0.946972
4 0.947005
4 0.94702
4 0.947043
4 0.947072
4 0.947115
4 0.947153
4 0.9472
4 0.947224
4 0.947262
4 0.947281
4 0.947334
4 0.947381
4 0.947415
4 0.947439
4 0.947481
4 0.94752
4 0.947553
4 0.947577
4 0.94762
4 0.947705
4 0.947758
4 0.947801
4 0.947834
4 0.947863
4 0.947891
4 0.947934
4 0.947948
4 0.947996
4 0.94802
4 0.948034
4 0.948067
4 0.948086
4 0.94811
4 0.948139
4 0.948191
4 0.948234
4 0.948243
4 0.948296
4 0.948325
4 0.948353
4 0.948377
4 0.948396
4 0.948444
4 0.948491
4 0.948515
4 0.948558
4 0.948582
4 0.948625
4 0.948677
4 0.94872
4 0.948782
4 0.948839
4 0.948872
4 0.948901
4 0.94892
4 0.948948
4 0.948986
4 0.949015
4 0.949048
4 0.949077
4 0.949129
4 0.949144
4 0.949177
4 0.949191
4 0.949225
4 0.949248
4 0.949296
4 0.949325
4 0.949353
4 0.949377
4 0.949406
4 0.949439
4 0.949477
4 0.949506
4 0.949515
4 0.949563
4 0.94961
4 0.949634
4 0.949677
4 0.949701
4 0.949739
4 0.949787
4 0.949815
4 0.949834
4 0.949896
4 0.94993
4 0.949963
4 0.949991
4 0.950025
4 0.950068
4 0.95011
4 0.950144
4 0.950172
4 0.950196
4 0.950225
4 0.950258
4 0.950282
4 0.950296
4 0.950334
4 0.950349
4 0.950363
4 0.950411
4 0.950449
4 0.950468
4 0.950482
4 0.950534
4 0.950558
4 0.950611
4 0.95063
4 0.950663
4 0.950701
4 0.950725
4 0.950763
4 0.950806
4 0.950825
4 0.950849
4 0.950863
4 0.950877
4 0.950906
4 0.95093
4 0.950968
4 0.950996
4 0.951011
4 0.951058
4 0.951101
4 0.951139
4 0.951201
4 0.95123
4 0.951268
4 0.951311
4 0.951349
4 0.951377
4 0.95143
4 0.951477
4 0.951525
4 0.951568
4 0.951592
4 0.95163
4 0.951658
4 0.951692
4 0.951711
4 0.951725
4 0.951754
4 0.951768
4 0.951782
4 0.951816
4 0.95182
4 0.951863
4 0.951901
4 0.95192
4 0.951949
4 0.951982
4 0.952025
4 0.952082
4 0.952125
4 0.952144
4 0.952182
4 0.952211
4 0.952244
4 0.952263
4 0.952297
4 0.95233
4 0.952363
4 0.952397
4 0.95242
4 0.952463
4 0.952497
4 0.95253
4 0.952559
4 0.952592
4 0.95264
4 0.952682
4 0.95272
4 0.952744
4 0.952792
4 0.952806
4 0.952844
4 0.952873
4 0.952901
4 0.95292
4 0.952959
4 0.952992
4 0.953011
4 0.953059
4 0.953106
4 0.95314
4 0.953178
4 0.953216
4 0.953244
4 0.953268
4 0.953287
4 0.953335
4 0.953359
4 0.953378
4 0.953421
4 0.953435
4 0.953454
4 0.953487
4 0.953516
4 0.953535
4 0.953559
4 0.953597
4 0.953644
4 0.953663
4 0.953697
4 0.953716
4 0.953754
4 0.953768
4 0.953787
4 0.953802
4 0.95383
4 0.953844
4 0.953859
4 0.953892
4 0.953902
4 0.953921
4 0.953949
4 0.953992
4 0.954021
4 0.954049
4 0.954078
4 0.954102
4 0.954135
4 0.954192
4 0.954235
4 0.954302
4 0.954345
4 0.954373
4 0.954397
4 0.954416
4 0.954449
4 0.954473
4 0.954497
4 0.954521
4 0.954559
4 0.954592
4 0.95463
4 0.954673
4 0.954692
4 0.95473
4 0.954754
4 0.954783
4 0.954821
4 0.954854
4 0.954897
4 0.954911
4 0.95493
4 0.954978
4 0.955002
4 0.955021
4 0.955049
4 0.955078
4 0.955097
4 0.95514
4 0.955159
4 0.955192
4 0.95524
4 0.955269
4 0.955302
4 0.955335
4 0.955373
4 0.955392
4 0.955421
4 0.955454
4 0.955473
4 0.955511
4 0.95554
4 0.955554
4 0.955592
4 0.95563
4 0.955664
4 0.955697
4 0.95573
4 0.955759
4 0.955797
4 0.955835
4 0.955869
4 0.955897
4 0.955926
4 0.955954
4 0.955992
4 0.956021
4 0.956054
4 0.956092
4 0.956116
4 0.956135
4 0.956164
4 0.956197
4 0.956216
4 0.95624
4 0.956288
4 0.956302
4 0.956326
4 0.956359
4 0.956383
4 0.95644
4 0.956454
4 0.956488
4 0.956526
4 0.956545
4 0.956569
4 0.956593
4 0.956612
4 0.956631
4 0.956678
4 0.956716
4 0.956745
4 0.956797
4 0.956855
4 0.956874
4 0.956893
4 0.956916
4 0.95694
4 0.956974
4 0.957007
4 0.957031
4 0.957045
4 0.957083
4 0.957116
4 0.957155
4 0.957193
4 0.957221
4 0.957259
4 0.957293
4 0.957312
4 0.957336
4 0.957355
4 0.957378
4 0.957402
4 0.957417
4 0.95744
4 0.957469
4 0.957483
4 0.957564
4 0.957597
4 0.957617
4 0.95764
4 0.957674
4 0.957698
4 0.957721
4 0.957731
4 0.957755
4 0.957778
4 0.957807
4 0.957836
4 0.957888
4 0.957912
4 0.957964
4 0.957978
4 0.958002
4 0.958021
4 0.958074
4 0.958079
4 0.958121
4 0.958145
4 0.958169
4 0.958202
4 0.958221
4 0.958236
4 0.958279
4 0.958321
4 0.95835
4 0.958374
4 0.958393
4 0.958426
4 0.958455
4 0.958488
4 0.958517
4 0.958555
4 0.958583
4 0.958612
4 0.958641
4 0.958674
4 0.958707
4 0.958731
4 0.958764
4 0.958788
4 0.958817
4 0.95885
4 0.958874
4 0.958893
4 0.958917
4 0.958945
4 0.958974
4 0.959007
4 0.959031
4 0.95905
4 0.959088
4 0.959107
4 0.959131
4 0.959155
4 0.959198
4 0.959226
4 0.95925
4 0.959288
4 0.959331
4 0.95935
4 0.959369
4 0.959388
4 0.959417
4 0.95945
4 0.959488
4 0.959522
4 0.959545
4 0.959565
4 0.959593
4 0.959607
4 0.959622
4 0.959636
4 0.959655
4 0.959684
4 0.959722
4 0.959741
4 0.959774
4 0.959784
4 0.959817
4 0.959831
4 0.959855
4 0.959879
4 0.959888
4 0.959912
4 0.959941
4 0.959979
4 0.959993
4 0.960007
4 0.960031
4 0.960055
4 0.960098
4 0.960117
4 0.96015
4 0.960174
4 0.960212
4 0.960222
4 0.960246
4 0.960255
4 0.960274
4 0.960284
4 0.960298
4 0.960336
4 0.960346
4 0.96036
4 0.960398
4 0.960417
4 0.960446
4 0.960469
4 0.960508
4 0.960541
4 0.960579
4 0.960612
4 0.960631
4 0.96066
4 0.960688
4 0.960698
4 0.960712
4 0.960722
4 0.960731
4 0.96075
4 0.960769
4 0.960788
4 0.960812
4 0.960841
4 0.960846
4 0.960865
4 0.960884
4 0.960922
4 0.96096
4 0.960993
4 0.961008
4 0.961027
4 0.961031
4 0.96106
4 0.961079
4 0.961127
4 0.96115
4 0.961155
4 0.961165
4 0.961174
4 0.961203
4 0.961227
4 0.96125
4 0.961279
4 0.961308
4 0.961351
4 0.961384
4 0.961398
4 0.961412
4 0.961432
4 0.961455
4 0.961465
4 0.961498
4 0.961522
4 0.961555
4 0.961574
4 0.961608
4 0.961632
4 0.961655
4 0.961665
4 0.961684
4 0.961693
4 0.961717
4 0.961751
4 0.96176
4 0.961793
4 0.961827
4 0.961865
4 0.961884
4 0.961913
4 0.961941
4 0.96196
4 0.961979
4 0.962013
4 0.962032
4 0.962051
4 0.96207
4 0.962103
4 0.962113
4 0.962151
4 0.962189
4 0.962203
4 0.962232
4 0.962274
4 0.962279
4 0.962308
4 0.962327
4 0.962341
4 0.96237
4 0.962413
4 0.962422
4 0.96246
4 0.962494
4 0.962517
4 0.962551
4 0.96257
4 0.962589
4 0.962627
4 0.962655
4 0.962675
4 0.962708
4 0.962746
4 0.96276
4 0.962784
4 0.962808
4 0.962851
4 0.962865
4 0.962889
4 0.962913
4 0.962937
4 0.96297
4 0.963003
4 0.963022
4 0.963046
4 0.963065
4 0.963094
4 0.963113
4 0.963165
4 0.96317
4 0.963198
4 0.963217
4 0.963241
4 0.96327
4 0.963303
4 0.963327
4 0.96336
4 0.963389
4 0.963427
4 0.963451
4 0.963475
4 0.963494
4 0.963522
4 0.963565
4 0.963575
4 0.963603
5 0.963618
5 0.963632
5 0.96366
5 0.963684
5 0.963694
5 0.963718
5 0.963741
5 0.963765
5 0.96378
5 0.963808
5 0.963818
5 0.963837
5 0.963875
5 0.963884
5 0.963894
5 0.963922
5 0.96397
5 0.963999
5 0.964013
5 0.964051
5 0.964075
5 0.964108
5 0.964122
5 0.96417
5 0.964208
5 0.964227
5 0.964232
5 0.964251
5 0.96428
5 0.964294
5 0.964308
5 0.964322
5 0.964342
5 0.964365
5 0.96437
5 0.964389
5 0.964422
5 0.964451
5 0.964484
5 0.964522
5 0.964565
5 0.964589
5 0.964608
5 0.964632
5 0.964651
5 0.964675
5 0.964699
5 0.964723
5 0.964737
5 0.96477
5 0.96478
5 0.964813
5 0.964837
5 0.96488
5 0.964894
5 0.964904
5 0.964932
5 0.964951
5 0.96497
5 0.964994
5 0.965018
5 0.965051
5 0.96507
5 0.96508
5 0.965104
5 0.965123
5 0.965165
5 0.965185
5 0.965194
5 0.965208
5 0.965227
5 0.965261
5 0.965275
5 0.965294
5 0.965323
5 0.965342
5 0.96538
5 0.965404
5 0.965423
5 0.965432
5 0.965442
5 0.965451
5 0.965485
5 0.965513
5 0.965523
5 0.965556
5 0.965566
5 0.965594
5 0.965599
5 0.965613
5 0.965623
5 0.965637
5 0.96567
5 0.965689
5 0.965699
5 0.965737
5 0.965761
5 0.965794
5 0.965818
5 0.965823
5 0.965856
5 0.965875
5 0.965889
5 0.965904
5 0.965937
5 0.96597
5 0.965989
5 0.966008
5 0.966023
5 0.966051
5 0.96607
5 0.966099
5 0.966113
5 0.966142
5 0.96617
5 0.966209
5 0.966228
5 0.966247
5 0.966256
5 0.96627
5 0.966294
5 0.966323
5 0.966351
5 0.966366
5 0.966404
5 0.966432
5 0.966447
5 0.966466
5 0.966494
5 0.966499
5 0.966528
5 0.966547
5 0.966561
5 0.96658
5 0.966599
5 0.966623
5 0.966647
5 0.966661
5 0.96669
5 0.966713
5 0.966732
5 0.966761
5 0.966799
5 0.966818
5 0.966837
5 0.96689
5 0.966918
5 0.966932
5 0.96699
5 0.966999
5 0.967032
5 0.967037
5 0.967056
5 0.96709
5 0.967104
5 0.967137
5 0.967152
5 0.967185
5 0.967218
5 0.967242
5 0.967261
5 0.96728
5 0.967313
5 0.967328
5 0.967342
5 0.967361
5 0.967394
5 0.967418
5 0.967442
5 0.967471
5 0.967494
5 0.967514
5 0.967518
5 0.967556
5 0.967561
5 0.96758
5 0.967618
5 0.967633
5 0.967647
5 0.967661
5 0.967675
5 0.96769
5 0.967718
5 0.967742
5 0.967761
5 0.967775
5 0.967809
5 0.967814
5 0.967833
5 0.967866
5 0.967885
5 0.967914
5 0.967918
5 0.967933
5 0.967961
5 0.967975
5 0.967999
5 0.968009
5 0.968033
5 0.968061
5 0.96809
5 0.968109
5 0.968118
5 0.968142
5 0.968147
5 0.968171
5 0.968185
5 0.968214
5 0.968228
5 0.968247
5 0.968261
5 0.968275
5 0.96829
5 0.968309
5 0.968337
5 0.968366
5 0.968404
5 0.968418
5 0.968437
5 0.968461
5 0.96849
5 0.968518
5 0.968547
5 0.968576
5 0.968585
5 0.968599
5 0.968614
5 0.968637
5 0.968652
5 0.96868
5 0.96869
5 0.968714
5 0.968737
5 0.968752
5 0.968771
5 0.968799
5 0.968814
5 0.968818
5 0.968842
5 0.968861
5 0.96889
5 0.968904
5 0.968914
5 0.968928
5 0.968938
5 0.968952
5 0.968966
5 0.968976
5 0.96899
5 0.969004
5 0.969023
5 0.969042
5 0.969066
5 0.969076
5 0.96908
5 0.969099
5 0.969109
5 0.969128
5 0.969147
5 0.969161
5 0.969176
5 0.969214
5 0.969223
5 0.969247
5 0.969266
5 0.969295
5 0.969323
5 0.969338
5 0.969366
5 0.969385
5 0.9694
5 0.969428
5 0.969466
5 0.9695
5 0.969509
5 0.969533
5 0.969538
5 0.969552
5 0.969561
5 0.969576
5 0.96958
5 0.9696
5 0.969642
5 0.969661
5 0.969676
5 0.969695
5 0.969723
5 0.969747
5 0.969761
5 0.969795
5 0.969819
5 0.969823
5 0.969857
5 0.969881
5 0.969904
5 0.969923
5 0.969933
5 0.969966
5 0.970004
5 0.970014
5 0.970028
5 0.970042
5 0.970057
5 0.9701
5 0.970138
5 0.970166
5 0.970195
5 0.970204
5 0.970223
5 0.970247
5 0.970266
5 0.970295
5 0.970304
5 0.970309
5 0.970328
5 0.970338
5 0.970357
5 0.970362
5 0.970371
5 0.970395
5 0.970404
5 0.970414
5 0.970443
5 0.970452
5 0.970462
5 0.970466
5 0.97049
5 0.970504
5 0.970509
5 0.970524
5 0.970533
5 0.970547
5 0.970581
5 0.970595
5 0.970624
5 0.970638
5 0.970652
5 0.970685
5 0.970704
5 0.970719
5 0.970728
5 0.970743
5 0.970757
5 0.970762
5 0.970781
5 0.970795
5 0.970819
5 0.970847
5 0.970871
5 0.970876
5 0.970895
5 0.970919
5 0.970947
5 0.970976
5 0.97099
5 0.971005
5 0.971014
5 0.971028
5 0.971052
5 0.971081
5 0.971095
5 0.971109
5 0.971119
5 0.971147
5 0.971176
5 0.971186
5 0.971209
5 0.971224
5 0.971228
5 0.971247
5 0.971252
5 0.971276
5 0.97129
5 0.971324
5 0.971343
5 0.971367
5 0.971419
5 0.971447
5 0.971471
5 0.971481
5 0.9715
5 0.971509
5 0.971547
5 0.971562
5 0.971576
5 0.971581
5 0.971605
5 0.971614
5 0.971628
5 0.971648
5 0.971662
5 0.97169
5 0.971714
5 0.971752
5 0.971781
5 0.9718
5 0.971819
5 0.971829
5 0.971833
5 0.971843
5 0.971857
5 0.971886
5 0.97189
5 0.9719
5 0.971914
5 0.971943
5 0.971962
5 0.971981
5 0.972
5 0.972014
5 0.972024
5 0.972033
5 0.972052
5 0.972062
5 0.972095
5 0.972119
5 0.972124
5 0.972148
5 0.972171
5 0.972195
5 0.972214
5 0.972229
5 0.972238
5 0.972257
5 0.972271
5 0.972305
5 0.972329
5 0.972352
5 0.972357
5 0.972381
5 0.972386
5 0.972419
5 0.972448
5 0.972462
5 0.972471
5 0.972481
5 0.9725
5 0.972524
5 0.972548
5 0.972557
5 0.972576
5 0.972591
5 0.97261
5 0.972633
5 0.972643
5 0.972652
5 0.972657
5 0.972672
5 0.972676
5 0.972719
5 0.972729
5 0.972757
5 0.972776
5 0.9728
5 0.972805
5 0.972819
5 0.972824
5 0.972848
5 0.972891
5 0.97291
5 0.972929
5 0.972943
5 0.972957
5 0.972967
5 0.972991
5 0.973014
5 0.973038
5 0.973057
5 0.973091
5 0.973114
5 0.973148
5 0.973157
5 0.9732
5 0.973219
5 0.973243
5 0.973272
5 0.9733
5 0.973319
5 0.973334
5 0.973348
5 0.973381
5 0.9734
5 0.973414
5 0.973438
5 0.973448
5 0.973486
5 0.973505
5 0.97351
5 0.973514
5 0.973524
5 0.973548
5 0.973572
5 0.973591
5 0.973605
5 0.973624
5 0.973648
5 0.973653
5 0.973672
5 0.973681
5 0.973691
5 0.973715
5 0.973734
5 0.973762
5 0.973776
5 0.97381
5 0.973843
5 0.973848
5 0.973862
5 0.973876
5 0.973896
5 0.973915
5 0.973919
5 0.973924
5 0.973929
5 0.973962
5 0.973976
5 0.973991
5 0.974005
5 0.974019
5 0.974024
5 0.974034
5 0.974048
5 0.974053
5 0.974077
5 0.974091
5 0.974096
5 0.974115
5 0.974134
5 0.974143
5 0.974162
5 0.974181
5 0.974205
5 0.974229
5 0.974243
5 0.974253
5 0.974267
5 0.974281
5 0.974305
5 0.97431
5 0.974319
5 0.974334
5 0.974362
5 0.974367
5 0.974377
5 0.9744
5 0.97441
5 0.974434
5 0.974448
5 0.974458
5 0.974462
5 0.974481
5 0.974515
5 0.974543
5 0.974558
5 0.974567
5 0.974577
5 0.974596
5 0.974605
5 0.974615
5 0.974629
5 0.974662
5 0.974681
5 0.974691
5 0.9747
5 0.974719
5 0.974748
5 0.974758
5 0.974791
5 0.974805
5 0.974829
5 0.974834
5 0.974843
5 0.974858
5 0.974862
5 0.974891
5 0.97491
5 0.974929
5 0.974962
5 0.974967
5 0.974981
5 0.974986
5 0.975005
5 0.97501
5 0.975029
5 0.975048
5 0.975062
5 0.975081
5 0.975096
5 0.975139
5 0.975153
5 0.975172
5 0.975205
5 0.97522
5 0.975239
5 0.975258
5 0.975272
5 0.975277
5 0.975296
5 0.97531
5 0.975315
5 0.975334
5 0.975343
5 0.975358
5 0.975396
5 0.975405
5 0.975424
5 0.975434
5 0.975439
5 0.975458
5 0.975482
5 0.975491
5 0.975496
5 0.975505
5 0.97552
5 0.975539
5 0.975543
5 0.975562
5 0.975572
5 0.975577
5 0.975586
5 0.975591
5 0.975615
5 0.975624
5 0.975634
5 0.975648
5 0.975672
5 0.975691
5 0.975705
5 0.975729
5 0.975753
5 0.975777
5 0.975796
5 0.97582
5 0.975853
5 0.975858
5 0.975863
5 0.975882
5 0.975896
5 0.97591
5 0.975924
5 0.975939
5 0.975948
5 0.975953
5 0.975963
5 0.975986
5 0.975996
5 0.976005
5 0.976015
5 0.976029
5 0.976039
5 0.976058
5 0.976067
5 0.976082
5 0.976096
5 0.976105
5 0.97612
5 0.976134
5 0.976148
5 0.976158
5 0.976172
5 0.976196
5 0.97621
5 0.97622
5 0.976248
5 0.976282
5 0.976296
5 0.97632
5 0.976344
5 0.976367
5 0.976386
5 0.976396
5 0.976415
5 0.97642
5 0.976448
5 0.976467
5 0.976477
5 0.976486
5 0.976501
5 0.976525
5 0.976534
5 0.976553
5 0.976558
5 0.976572
5 0.976591
5 0.97661
5 0.976615
5 0.976634
5 0.976653
5 0.976663
5 0.976672
5 0.976691
5 0.976696
5 0.97672
5 0.976734
5 0.976739
5 0.976753
5 0.976758
5 0.976772
5 0.976782
5 0.976791
5 0.97681
5 0.976815
5 0.976834
5 0.976853
5 0.976877
5 0.976901
5 0.97691
5 0.976929
5 0.976934
5 0.976948
5 0.976958
5 0.976977
5 0.976987
5 0.976996
5 0.97702
5 0.977044
5 0.977053
5 0.977058
5 0.977077
5 0.977106
5 0.977148
5 0.977182
5 0.977191
5 0.977201
5 0.977229
5 0.977253
5 0.977258
5 0.977263
5 0.977268
5 0.977272
5 0.977296
5 0.977315
5 0.977329
5 0.977344
5 0.977358
5 0.977382
5 0.977406
5 0.977425
5 0.977439
5 0.977458
5 0.977463
5 0.977468
5 0.97751
5 0.977515
5 0.977539
5 0.977553
5 0.977568
5 0.977591
5 0.977606
5 0.977615
5 0.977629
5 0.977649
5 0.977658
5 0.977668
5 0.977687
5 0.977691
5 0.977706
5 0.97772
5 0.977739
5 0.977749
5 0.977753
5 0.977768
5 0.977801
5 0.97782
5 0.977825
5 0.977839
5 0.977853
5 0.977872
5 0.977896
5 0.977901
5 0.97792
5 0.977925
5 0.977939
5 0.977944
5 0.977949
5 0.977958
5 0.977968
5 0.977982
5 0.978001
5 0.978015
5 0.978025
5 0.978034
5 0.978044
5 0.978063
5 0.978072
5 0.978087
5 0.978101
5 0.978106
5 0.978115
5 0.97813
5 0.978153
5 0.978177
5 0.978196
5 0.978206
5 0.97822
5 0.978239
5 0.978253
5 0.978263
5 0.978277
5 0.978282
5 0.978287
5 0.978306
5 0.97833
5 0.978339
5 0.978358
5 0.978372
5 0.978377
5 0.978396
5 0.978415
5 0.97843
5 0.978439
5 0.978472
5 0.978477
5 0.978501
5 0.978511
5 0.978525
5 0.978539
5 0.978553
5 0.978572
5 0.978577
5 0.978601
5 0.978611
5 0.97863
5 0.978639
5 0.978649
5 0.978653
5 0.978668
5 0.978682
5 0.978692
5 0.978696
5 0.978706
5 0.978711
5 0.978734
5 0.978749
5 0.978773
5 0.978782
5 0.978787
5 0.978806
5 0.97882
5 0.978854
5 0.978873
5 0.978892
5 0.978901
5 0.978915
5 0.978939
5 0.978944
5 0.978963
5 0.978996
5 0.979015
5 0.979039
5 0.979044
5 0.979073
5 0.979077
5 0.979101
5 0.97912
5 0.979125
5 0.979139
5 0.979163
5 0.979187
5 0.979192
5 0.97922
5 0.979225
5 0.979235
5 0.979273
5 0.979287
5 0.979292
5 0.979301
5 0.979311
5 0.979316
5 0.97932
5 0.97933
5 0.979335
5 0.979344
5 0.979354
5 0.979373
5 0.979382
5 0.979387
5 0.979396
5 0.979411
5 0.979416
5 0.979444
5 0.979463
5 0.979468
5 0.979492
5 0.979516
5 0.979539
5 0.979563
5 0.979587
5 0.979611
5 0.979616
5 0.97963
5 0.979649
5 0.979673
5 0.979677
5 0.979692
5 0.979697
5 0.97972
5 0.979739
5 0.979749
5 0.979754
5 0.979758
5 0.979787
5 0.979792
5 0.979806
5 0.979811
5 0.97983
5 0.979849
5 0.979873
5 0.979887
5 0.97992
5 0.97993
5 0.979949
5 0.979958
5 0.979963
5 0.979982
5 0.979992
5 0.980001
5 0.98002
5 0.980039
5 0.980049
5 0.980063
5 0.980073
5 0.980092
5 0.980106
5 0.98012
5 0.98013
5 0.980135
5 0.980144
5 0.980168
5 0.980173
5 0.980192
5 0.980216
5 0.98022
5 0.980239
5 0.980249
5 0.980268
5 0.980282
5 0.980306
5 0.980335
5 0.980354
5 0.980368
5 0.980382
5 0.980387
5 0.980406
5 0.98042
5 0.980435
5 0.980449
5 0.980473
5 0.980487
5 0.980497
5 0.98052
5 0.980535
5 0.980544
5 0.980554
5 0.980559
5 0.980573
5 0.980587
5 0.980606
5 0.980621
5 0.98063
5 0.98064
5 0.980649
6 0.980663
6 0.980682
6 0.980692
6 0.980697
6 0.980701
6 0.980711
6 0.98073
6 0.980754
6 0.980778
6 0.980787
6 0.980797
6 0.980811
6 0.980816
6 0.98083
6 0.980844
6 0.980854
6 0.980859
6 0.980863
6 0.980868
6 0.980873
6 0.980882
6 0.980901
6 0.980935
6 0.980949
6 0.980959
6 0.980968
6 0.980978
6 0.980982
6 0.980987
6 0.981001
6 0.981021
6 0.981044
6 0.981054
6 0.981068
6 0.981087
6 0.981106
6 0.981121
6 0.981135
6 0.98114
6 0.981168
6 0.981187
6 0.981202
6 0.981206
6 0.98123
6 0.981235
6 0.981249
6 0.981273
6 0.981297
6 0.981302
6 0.981311
6 0.981321
6 0.981335
6 0.981344
6 0.981349
6 0.981363
6 0.981373
6 0.981387
6 0.981392
6 0.981402
6 0.981411
6 0.981435
6 0.98144
6 0.981454
6 0.981468
6 0.981473
6 0.981483
6 0.981492
6 0.981502
6 0.981525
6 0.981535
6 0.981544
6 0.981587
6 0.981592
6 0.981602
6 0.981616
6 0.981621
6 0.981625
6 0.98164
6 0.981654
6 0.981673
6 0.981683
6 0.981692
6 0.981711
6 0.981721
6 0.98174
6 0.981744
6 0.981754
6 0.981764
6 0.981778
6 0.981792
6 0.981802
6 0.981816
6 0.981825
6 0.981835
6 0.98184
6 0.981844
6 0.981854
6 0.981859
6 0.981868
6 0.981878
6 0.981892
6 0.981906
6 0.981911
6 0.98193
6 0.981945
6 0.981964
6 0.981973
6 0.981978
6 0.981987
6 0.982006
6 0.982011
6 0.982016
6 0.982035
6 0.982045
6 0.982054
6 0.982059
6 0.982073
6 0.982078
6 0.982083
6 0.982097
6 0.982116
6 0.982126
6 0.982145
6 0.982154
6 0.982173
6 0.982178
6 0.982183
6 0.982187
6 0.982192
6 0.982211
6 0.982216
6 0.982226
6 0.98223
6 0.98224
6 0.982268
6 0.982278
6 0.982283
6 0.982302
6 0.982316
6 0.982345
6 0.982354
6 0.982364
6 0.982378
6 0.982383
6 0.982397
6 0.982406
6 0.982416
6 0.982435
6 0.982449
6 0.982459
6 0.982464
6 0.982468
6 0.982483
6 0.982487
6 0.982492
6 0.982511
6 0.98253
6 0.982535
6 0.982554
6 0.982578
6 0.982597
6 0.982602
6 0.982607
6 0.982621
6 0.982626
6 0.982649
6 0.982659
6 0.982664
6 0.982678
6 0.982688
6 0.982707
6 0.982711
6 0.982721
6 0.982726
6 0.982754
6 0.982764
6 0.982773
6 0.982778
6 0.982783
6 0.982792
6 0.982802
6 0.982811
6 0.982821
6 0.982854
6 0.982864
6 0.982878
6 0.982902
6 0.982907
6 0.982916
6 0.98293
6 0.982935
6 0.98294
6 0.982954
6 0.982973
6 0.982978
6 0.982983
6 0.982992
6 0.982997
6 0.983011
6 0.983016
6 0.983026
6 0.98303
6 0.983049
6 0.983083
6 0.983097
6 0.983102
6 0.983111
6 0.98313
6 0.983145
6 0.983154
6 0.983164
6 0.983178
6 0.983188
6 0.983192
6 0.983197
6 0.983207
6 0.983221
6 0.98324
6 0.983259
6 0.983269
6 0.983278
6 0.983292
6 0.983302
6 0.983307
6 0.983311
6 0.983326
6 0.98333
6 0.983345
6 0.98335
6 0.983359
6 0.983373
6 0.983378
6 0.983392
6 0.983397
6 0.983416
6 0.983421
6 0.983431
6 0.98344
6 0.98345
6 0.983459
6 0.983464
6 0.983469
6 0.983478
6 0.983492
6 0.983507
6 0.983511
6 0.983535
6 0.983545
6 0.98355
6 0.983569
6 0.983573
6 0.983583
6 0.983588
6 0.983602
6 0.983607
6 0.983611
6 0.983621
6 0.983626
6 0.983645
6 0.983659
6 0.983673
6 0.983692
6 0.983707
6 0.983716
6 0.983731
6 0.983745
6 0.98375
6 0.983759
6 0.983769
6 0.983778
6 0.983802
6 0.983807
6 0.983811
6 0.983816
6 0.983821
6 0.983826
6 0.983831
6 0.983835
6 0.983845
6 0.983859
6 0.983873
6 0.983878
6 0.983888
6 0.983897
6 0.983902
6 0.983912
6 0.983916
6 0.983926
6 0.98394
6 0.983954
6 0.983964
6 0.983978
6 0.983988
6 0.983993
6 0.984021
6 0.984031
6 0.984035
6 0.98404
6 0.984059
6 0.984073
6 0.984078
6 0.984097
6 0.984102
6 0.984107
6 0.984116
6 0.984121
6 0.984131
6 0.98414
6 0.98415
6 0.984164
6 0.984178
6 0.984183
6 0.984212
6 0.984221
6 0.984231
6 0.984235
6 0.984245
6 0.984269
6 0.984278
6 0.984283
6 0.984297
6 0.984321
6 0.984331
6 0.98435
6 0.984354
6 0.984364
6 0.984378
6 0.984388
6 0.984397
6 0.984407
6 0.984416
6 0.984421
6 0.984431
6 0.98445
6 0.984459
6 0.984464
6 0.984478
6 0.984488
6 0.984493
6 0.984497
6 0.984512
6 0.984516
6 0.984521
6 0.984535
6 0.98455
6 0.984564
6 0.984578
6 0.984588
6 0.984597
6 0.984602
6 0.984621
6 0.984626
6 0.98464
6 0.984645
6 0.984654
6 0.984659
6 0.984664
6 0.984669
6 0.984674
6 0.984693
6 0.984707
6 0.984716
6 0.984731
6 0.984745
6 0.98475
6 0.984755
6 0.984778
6 0.984788
6 0.984802
6 0.984831
6 0.984845
6 0.984859
6 0.984864
6 0.984869
6 0.984874
6 0.984888
6 0.984902
6 0.984916
6 0.984926
6 0.984931
6 0.984945
6 0.984955
6 0.984964
6 0.984969
6 0.984974
6 0.984978
6 0.984983
6 0.984997
6 0.985016
6 0.985026
6 0.985036
6 0.985055
6 0.985059
6 0.985069
6 0.985078
6 0.985083
6 0.985093
6 0.985107
6 0.985112
6 0.985116
6 0.985126
6 0.985131
6 0.985159
6 0.985169
6 0.985174
6 0.985188
6 0.985193
6 0.985197
6 0.985207
6 0.985212
6 0.985216
6 0.985226
6 0.985245
6 0.98525
6 0.985259
6 0.985264
6 0.985274
6 0.985288
6 0.985298
6 0.985307
6 0.985312
6 0.985331
6 0.985336
6 0.985345
6 0.985355
6 0.985364
6 0.985369
6 0.985388
6 0.985393
6 0.985398
6 0.985407
6 0.985421
6 0.985436
6 0.98544
6 0.985464
6 0.985469
6 0.985498
6 0.985502
6 0.985517
6 0.985521
6 0.98554
6 0.98555
6 0.985559
6 0.985564
6 0.985578
6 0.985588
6 0.985593
6 0.985631
6 0.985636
6 0.98564
6 0.985659
6 0.985664
6 0.985669
6 0.985693
6 0.985707
6 0.985712
6 0.985721
6 0.985731
6 0.985745
6 0.985755
6 0.985759
6 0.985769
6 0.985779
6 0.985783
6 0.985802
6 0.985807
6 0.985821
6 0.985826
6 0.985831
6 0.985855
6 0.985859
6 0.985879
6 0.985893
6 0.985902
6 0.985921
6 0.985931
6 0.985936
6 0.98595
6 0.985964
6 0.985974
6 0.985993
6 0.986002
6 0.986012
6 0.986017
6 0.98604
6 0.986045
6 0.98605
6 0.986059
6 0.986069
6 0.986074
6 0.986088
6 0.986098
6 0.986117
6 0.986121
6 0.986126
6 0.986136
6 0.98614
6 0.986145
6 0.98616
6 0.986169
6 0.986179
6 0.986188
6 0.986193
6 0.986207
6 0.986226
6 0.986241
6 0.98625
6 0.98626
6 0.986264
6 0.986269
6 0.986279
6 0.986288
6 0.986293
6 0.986312
6 0.986326
6 0.986341
6 0.98635
6 0.986355
6 0.986374
6 0.986379
6 0.986383
6 0.986388
6 0.986402
6 0.986407
6 0.986417
6 0.986421
6 0.986436
6 0.986441
6 0.98645
6 0.986455
6 0.986474
6 0.986488
6 0.986502
6 0.986512
6 0.986517
6 0.986526
6 0.986531
6 0.986536
6 0.98655
6 0.986564
6 0.986579
6 0.986588
6 0.986593
6 0.986617
6 0.986626
6 0.986645
6 0.98665
6 0.986664
6 0.986683
6 0.986703
6 0.986712
6 0.986726
6 0.986736
6 0.98675
6 0.986755
6 0.986764
6 0.986774
6 0.986793
6 0.986807
6 0.986822
6 0.986836
6 0.986841
6 0.986845
6 0.98686
6 0.986883
6 0.986888
6 0.986898
6 0.986917
6 0.986922
6 0.986931
6 0.986936
6 0.986945
6 0.98695
6 0.986964
6 0.986974
6 0.986983
6 0.986993
6 0.987003
6 0.987022
6 0.987036
6 0.987041
6 0.98705
6 0.98706
6 0.987069
6 0.987079
6 0.987098
6 0.987103
6 0.987117
6 0.987122
6 0.987131
6 0.987136
6 0.987145
6 0.987155
6 0.987164
6 0.987174
6 0.987179
6 0.987188
6 0.987203
6 0.987217
6 0.987231
6 0.987245
6 0.98725
6 0.987255
6 0.987264
6 0.987269
6 0.987288
6 0.987298
6 0.987303
6 0.987312
6 0.987322
6 0.987326
6 0.987336
6 0.987341
6 0.987345
6 0.987364
6 0.987403
6 0.987412
6 0.987417
6 0.987426
6 0.987441
6 0.987445
6 0.98745
6 0.98746
6 0.987469
6 0.987474
6 0.987498
6 0.987503
6 0.987522
6 0.987536
6 0.987545
6 0.987565
6 0.987569
6 0.987579
6 0.987588
6 0.987598
6 0.987603
6 0.987607
6 0.987622
6 0.987626
6 0.987636
6 0.987641
6 0.987646
6 0.987665
6 0.987669
6 0.987688
6 0.987707
6 0.987712
6 0.987722
6 0.987726
6 0.987741
6 0.98775
6 0.987774
6 0.987798
6 0.987812
6 0.987822
6 0.987841
6 0.987846
6 0.98785
6 0.987855
6 0.987865
6 0.987869
6 0.987879
6 0.987888
6 0.987893
6 0.987903
6 0.987907
6 0.987926
6 0.987931
6 0.987941
6 0.987946
6 0.987955
6 0.987965
6 0.987979
6 0.987984
6 0.988003
6 0.988012
6 0.988022
6 0.988026
6 0.988036
6 0.98805
6 0.988055
6 0.988065
6 0.988079
6 0.988084
6 0.988088
6 0.988093
6 0.988103
6 0.988108
6 0.988117
6 0.988136
6 0.98815
6 0.988165
6 0.988179
6 0.988184
6 0.988188
6 0.988208
6 0.988212
6 0.988217
6 0.988227
6 0.988241
6 0.988255
6 0.988265
6 0.988269
6 0.988274
6 0.988279
6 0.988284
6 0.988293
6 0.988298
6 0.988312
6 0.988317
6 0.988322
6 0.988336
6 0.988341
6 0.98835
6 0.988365
6 0.988374
6 0.988393
6 0.988403
6 0.988417
6 0.988427
6 0.988441
6 0.988446
6 0.988455
6 0.988474
6 0.988488
6 0.988512
6 0.988522
6 0.988527
6 0.988541
6 0.988555
6 0.988569
6 0.988584
6 0.988589
6 0.988598
6 0.988608
6 0.988612
6 0.988617
6 0.988631
6 0.988636
6 0.988646
6 0.98865
6 0.98867
6 0.988674
6 0.988684
6 0.988693
6 0.988708
6 0.988712
6 0.988717
6 0.988741
6 0.988746
6 0.98876
6 0.988765
6 0.988774
6 0.988779
6 0.988789
6 0.988798
6 0.988808
6 0.988812
6 0.988817
6 0.988822
6 0.988831
6 0.988841
6 0.988855
6 0.988865
6 0.988879
6 0.988889
6 0.988903
6 0.988908
6 0.988912
6 0.988917
6 0.988922
6 0.988927
6 0.988931
6 0.988936
6 0.988955
6 0.98896
6 0.988965
6 0.988974
6 0.988984
6 0.988993
6 0.988998
6 0.989012
6 0.989036
6 0.989041
6 0.989046
6 0.98906
6 0.98907
6 0.989079
6 0.989084
6 0.989089
6 0.989093
6 0.989098
6 0.989103
6 0.989112
6 0.989127
6 0.989136
6 0.989141
6 0.989146
6 0.989151
6 0.98916
6 0.989179
6 0.989184
6 0.989189
6 0.989203
6 0.989212
6 0.989217
6 0.989227
6 0.989236
6 0.989241
6 0.989246
6 0.989255
6 0.98926
6 0.989279
6 0.989293
6 0.989303
6 0.989308
6 0.989312
6 0.989322
6 0.989327
6 0.989336
6 0.989341
6 0.989346
6 0.989355
6 0.98936
6 0.989365
6 0.98937
6 0.989379
6 0.989398
6 0.989403
6 0.989412
6 0.989427
6 0.989432
6 0.989436
6 0.989441
6 0.989451
6 0.989465
6 0.989484
6 0.989489
6 0.989498
6 0.989508
6 0.989513
6 0.989527
6 0.989541
6 0.989546
6 0.989551
6 0.98957
6 0.989579
6 0.989589
6 0.989593
6 0.989598
6 0.989613
6 0.989627
6 0.989646
6 0.989651
6 0.989665
6 0.989674
6 0.989689
6 0.989703
6 0.989722
7 0.989736
7 0.989741
7 0.989751
7 0.98976
7 0.98977
7 0.989784
7 0.989789
7 0.989798
7 0.989803
7 0.989808
7 0.989813
7 0.989817
7 0.989827
7 0.989832
7 0.989836
7 0.989851
7 0.98986
7 0.98987
7 0.989884
7 0.989893
7 0.989903
7 0.989908
7 0.989922
7 0.989927
7 0.989932
7 0.989951
7 0.98996
7 0.98997
7 0.989979
7 0.989994
7 0.989998
7 0.990008
7 0.990022
7 0.990027
7 0.990032
7 0.990036
7 0.990046
7 0.990051
7 0.990055
7 0.99006
7 0.99007
7 0.990075
7 0.990084
7 0.990103
7 0.990108
7 0.990117
7 0.990127
7 0.990132
7 0.990141
7 0.990151
7 0.990155
7 0.990165
7 0.99017
7 0.990175
7 0.990179
7 0.990189
7 0.990198
7 0.990203
7 0.990213
7 0.990222
7 0.990227
7 0.990232
7 0.990241
7 0.990246
7 0.990255
7 0.990275
7 0.990284
7 0.990289
7 0.990294
7 0.990298
7 0.990303
7 0.990308
7 0.990313
7 0.990317
7 0.990332
7 0.990351
7 0.990365
7 0.990375
7 0.990384
7 0.990389
7 0.990398
7 0.990403
7 0.990408
7 0.990417
7 0.990432
7 0.990451
7 0.990465
7 0.99047
7 0.990475
7 0.990479
7 0.990489
7 0.990503
7 0.990513
7 0.990517
7 0.990522
7 0.990527
7 0.990532
7 0.990536
7 0.990541
7 0.990546
7 0.990551
7 0.99056
7 0.99057
7 0.990575
7 0.990579
7 0.990584
7 0.990594
7 0.990608
7 0.990613
7 0.990617
7 0.990622
7 0.990627
7 0.990641
7 0.990651
7 0.990665
7 0.990675
7 0.990684
7 0.990689
7 0.990698
7 0.990703
7 0.990717
7 0.990722
7 0.990732
7 0.990746
7 0.990751
7 0.99076
7 0.990765
7 0.990775
7 0.990794
7 0.990803
7 0.990808
7 0.990813
7 0.990822
7 0.990827
7 0.990837
7 0.990846
7 0.990856
7 0.99086
7 0.990865
7 0.99087
7 0.990875
7 0.990884
7 0.990889
7 0.990894
7 0.990913
7 0.990927
7 0.990932
7 0.990941
7 0.990951
7 0.99096
7 0.99097
7 0.990984
7 0.990989
7 0.990994
7 0.991013
7 0.991022
7 0.991032
7 0.991037
7 0.991041
7 0.991065
7 0.99107
7 0.991079
7 0.991089
7 0.991103
7 0.991108
7 0.991113
7 0.991118
7 0.991122
7 0.991127
7 0.991137
7 0.991141
7 0.991151
7 0.991156
7 0.99117
7 0.991175
7 0.991189
7 0.991198
7 0.991208
7 0.991218
7 0.991222
7 0.991232
7 0.991241
7 0.99126
7 0.99127
7 0.991279
7 0.991284
7 0.991289
7 0.991298
7 0.991303
7 0.991318
7 0.991322
7 0.991327
7 0.991341
7 0.991346
7 0.991351
7 0.99136
7 0.99137
7 0.991375
7 0.991384
7 0.991389
7 0.991399
7 0.991408
7 0.991413
7 0.991422
7 0.991427
7 0.991432
7 0.991437
7 0.991451
7 0.991456
7 0.99146
7 0.991475
7 0.99148
7 0.991489
7 0.991499
7 0.991503
7 0.991518
7 0.991527
7 0.991541
7 0.991546
7 0.991551
7 0.99156
7 0.991565
7 0.991575
7 0.991584
7 0.991599
7 0.991603
7 0.991608
7 0.991613
7 0.991618
7 0.991622
7 0.991627
7 0.991632
7 0.991637
7 0.991641
7 0.991646
7 0.991651
7 0.99167
7 0.991675
7 0.991689
7 0.991694
7 0.991703
7 0.991708
7 0.991718
7 0.991722
7 0.991727
7 0.991737
7 0.991741
7 0.991756
7 0.99177
7 0.99178
7 0.991784
7 0.991789
7 0.991799
7 0.991803
7 0.991808
7 0.991813
7 0.991818
7 0.991827
7 0.991837
7 0.991846
7 0.991856
7 0.99187
7 0.991875
7 0.991884
7 0.991889
7 0.991899
7 0.991913
7 0.991922
7 0.991927
7 0.991932
7 0.991941
7 0.991946
7 0.991951
7 0.991961
7 0.991965
7 0.99197
7 0.991975
7 0.99198
7 0.991989
7 0.991994
7 0.992003
7 0.992013
7 0.992018
7 0.992022
7 0.992032
7 0.992037
7 0.992046
7 0.992051
7 0.992056
7 0.992061
7 0.99207
7 0.992075
7 0.99208
7 0.992089
7 0.992094
7 0.992099
7 0.992108
7 0.992113
7 0.992137
7 0.992141
7 0.992146
7 0.992151
7 0.992161
7 0.992165
7 0.99217
7 0.99218
7 0.992189
7 0.992203
7 0.992213
7 0.992218
7 0.992222
7 0.992232
7 0.992242
7 0.992251
7 0.992261
7 0.992265
7 0.992275
7 0.992284
7 0.992289
7 0.992303
7 0.992308
7 0.992318
7 0.992323
7 0.992327
7 0.992337
7 0.992342
7 0.992346
7 0.992356
7 0.992365
7 0.99238
7 0.992389
7 0.992399
7 0.992408
7 0.992418
7 0.992427
7 0.992432
7 0.992437
7 0.992442
7 0.992451
7 0.992456
7 0.992465
7 0.992475
7 0.992484
7 0.992489
7 0.992503
7 0.992513
7 0.992523
7 0.992527
7 0.992532
7 0.992546
7 0.992556
7 0.992561
7 0.99257
7 0.992575
7 0.99258
7 0.992584
7 0.992594
7 0.992599
7 0.992603
7 0.992613
7 0.992627
7 0.992642
7 0.992646
7 0.992651
7 0.992656
7 0.992665
7 0.99267
7 0.99268
7 0.992684
7 0.992694
7 0.992699
7 0.992703
7 0.992708
7 0.992713
7 0.992718
7 0.992732
7 0.992742
7 0.992751
7 0.992761
7 0.992765
7 0.99277
7 0.992775
7 0.99278
7 0.992789
7 0.992794
7 0.992799
7 0.992808
7 0.992823
7 0.992827
7 0.992832
7 0.992842
7 0.992851
7 0.992861
7 0.992865
7 0.99287
7 0.992875
7 0.99288
7 0.992889
7 0.992894
7 0.992908
7 0.992927
7 0.992937
7 0.992951
7 0.992956
7 0.992961
7 0.992965
7 0.992985
7 0.992994
7 0.992999
7 0.993004
7 0.993008
7 0.993023
7 0.993027
7 0.993032
7 0.993037
7 0.993046
7 0.993061
7 0.993065
7 0.99307
7 0.99308
7 0.993089
7 0.993099
7 0.993104
7 0.993108
7 0.993113
7 0.993118
7 0.993127
7 0.993132
7 0.993137
7 0.993142
7 0.993151
7 0.993156
7 0.993161
7 0.993165
7 0.99317
7 0.993175
7 0.993185
7 0.993189
7 0.993194
7 0.993199
7 0.993204
7 0.993208
7 0.993213
7 0.993218
7 0.993223
7 0.993227
7 0.993237
7 0.993246
7 0.993256
7 0.993261
7 0.993266
7 0.99327
7 0.993285
7 0.993299
7 0.993304
7 0.993308
7 0.993318
7 0.993323
7 0.993327
7 0.993332
7 0.993342
7 0.993346
7 0.993351
7 0.993361
7 0.993366
7 0.993385
7 0.993389
7 0.993394
7 0.993399
7 0.993404
7 0.993408
7 0.993413
7 0.993427
7 0.993437
7 0.993442
7 0.993446
7 0.993456
7 0.993466
7 0.993475
7 0.99348
7 0.993489
7 0.993499
7 0.993508
7 0.993523
7 0.993532
7 0.993537
7 0.993542
7 0.993546
7 0.993566
7 0.99357
7 0.993575
7 0.993589
7 0.993599
7 0.993604
7 0.993623
7 0.993632
7 0.993637
7 0.993642
7 0.993647
7 0.993666
7 0.99367
7 0.99368
7 0.993685
7 0.993689
7 0.993694
7 0.993699
7 0.993708
7 0.993713
7 0.993718
7 0.993728
7 0.993732
7 0.993742
7 0.993751
7 0.993761
7 0.993766
7 0.99377
7 0.99378
7 0.993785
7 0.993789
7 0.993799
7 0.993813
7 0.993823
7 0.993828
7 0.993847
7 0.993866
7 0.99387
7 0.993875
7 0.993885
7 0.993889
7 0.993899
7 0.993904
7 0.993908
7 0.993913
7 0.993923
7 0.993928
7 0.993932
7 0.993937
7 0.993947
7 0.993951
7 0.993956
7 0.993961
7 0.993966
7 0.99397
7 0.99398
7 0.993985
7 0.993989
7 0.993994
7 0.994008
7 0.994018
7 0.994028
7 0.994032
7 0.994037
7 0.994042
7 0.994061
7 0.99407
7 0.994075
7 0.994089
7 0.994099
7 0.994104
7 0.994108
7 0.994118
7 0.994123
7 0.994128
7 0.994132
7 0.994137
7 0.994142
7 0.994147
7 0.994156
7 0.994161
7 0.994166
7 0.99417
7 0.994175
7 0.99418
7 0.994185
7 0.99419
7 0.994199
7 0.994204
7 0.994209
7 0.994218
7 0.994223
7 0.994228
7 0.994232
7 0.994237
7 0.994242
7 0.994251
7 0.994256
7 0.994261
7 0.99427
7 0.994275
7 0.99428
7 0.994285
7 0.994294
7 0.994304
7 0.994309
7 0.994313
7 0.994323
7 0.994342
7 0.994347
7 0.994351
7 0.994356
7 0.994361
7 0.99437
7 0.994375
7 0.99438
7 0.994385
7 0.99439
7 0.994394
7 0.994409
7 0.994413
7 0.994423
7 0.994428
7 0.994432
7 0.994442
7 0.994451
7 0.994461
7 0.994466
7 0.99447
7 0.99448
7 0.994485
7 0.99449
7 0.994494
7 0.994499
7 0.994504
7 0.994513
7 0.994523
7 0.994528
7 0.994537
7 0.994542
7 0.994551
7 0.994566
7 0.99457
7 0.99458
7 0.994585
7 0.994594
7 0.994599
7 0.994604
7 0.994609
7 0.994618
7 0.994623
7 0.994628
7 0.994637
7 0.994642
7 0.994651
7 0.994656
7 0.994666
7 0.994671
7 0.994675
8 0.99468
8 0.994685
8 0.994694
8 0.994709
8 0.994718
8 0.994728
8 0.994732
8 0.994737
8 0.994742
8 0.994747
8 0.994761
8 0.994766
8 0.994771
8 0.994775
8 0.99478
8 0.994785
8 0.994799
8 0.994809
8 0.994818
8 0.994823
8 0.994828
8 0.994847
8 0.994856
8 0.994866
8 0.994871
8 0.994875
8 0.994885
8 0.99489
8 0.994894
8 0.994904
8 0.994909
8 0.994913
8 0.994923
8 0.994932
8 0.994937
8 0.994942
8 0.994947
8 0.994951
8 0.994956
8 0.994966
8 0.994971
8 0.994975
8 0.99498
8 0.994985
8 0.99499
8 0.994999
8 0.995009
8 0.995018
8 0.995028
8 0.995032
8 0.995037
8 0.995042
8 0.995052
8 0.995056
8 0.995061
8 0.995071
8 0.99508
8 0.995085
8 0.99509
8 0.995094
8 0.995099
8 0.995104
8 0.995113
8 0.995118
8 0.995128
8 0.995133
8 0.995142
8 0.995147
8 0.995152
8 0.995156
8 0.995161
8 0.995166
8 0.995171
8 0.995175
8 0.995185
8 0.99519
8 0.995194
8 0.995199
8 0.995204
8 0.995209
8 0.995213
8 0.995223
8 0.995233
8 0.995237
8 0.995242
8 0.995247
8 0.995252
8 0.995256
8 0.995261
8 0.995271
8 0.995275
8 0.99528
8 0.995285
8 0.99529
8 0.995294
8 0.995299
8 0.995304
8 0.995309
8 0.995313
8 0.995318
8 0.995323
8 0.995328
8 0.995333
8 0.995337
8 0.995342
8 0.995347
8 0.995352
8 0.995356
8 0.995361
8 0.995366
8 0.995371
8 0.995375
8 0.99538
8 0.995385
8 0.99539
8 0.995394
8 0.995399
8 0.995413
8 0.995418
8 0.995433
8 0.995437
8 0.995442
8 0.995447
8 0.995452
8 0.995456
8 0.995461
8 0.995466
8 0.995471
8 0.995475
8 0.99548
8 0.995485
8 0.99549
8 0.995494
8 0.995499
8 0.995518
8 0.995523
8 0.995528
8 0.995533
8 0.995537
8 0.995552
8 0.995561
8 0.995566
8 0.99558
8 0.995585
8 0.99559
8 0.995595
8 0.995599
8 0.995604
8 0.995609
8 0.995614
8 0.995618
8 0.995623
8 0.995628
8 0.995633
8 0.995647
8 0.995652
8 0.995656
8 0.995661
8 0.995671
8 0.99568
8 0.99569
8 0.995699
8 0.995704
8 0.995714
8 0.995718
8 0.995728
8 0.995733
8 0.995737
8 0.995742
8 0.995747
8 0.995752
8 0.995761
8 0.995766
8 0.995771
8 0.995775
8 0.99578
8 0.995785
8 0.995795
8 0.995799
8 0.995804
8 0.995814
8 0.995823
8 0.995828
8 0.995833
8 0.995837
8 0.995842
8 0.995847
8 0.995852
8 0.995856
8 0.995861
8 0.995866
8 0.995871
8 0.995875
8 0.995885
8 0.995895
8 0.995899
8 0.995904
8 0.995909
8 0.995914
8 0.995918
8 0.995928
8 0.995933
8 0.995937
8 0.995942
8 0.995947
8 0.995952
8 0.995956
8 0.995966
8 0.995971
8 0.995975
8 0.99598
8 0.99599
8 0.995995
8 0.995999
8 0.996004
8 0.996009
8 0.996014
8 0.996018
8 0.996023
8 0.996033
8 0.996042
8 0.996047
8 0.996052
8 0.996056
8 0.996061
8 0.996066
8 0.996071
8 0.996076
8 0.99608
8 0.996085
8 0.99609
8 0.996095
8 0.996099
8 0.996104
8 0.996109
8 0.996114
8 0.996118
8 0.996123
8 0.996128
8 0.996137
8 0.996142
8 0.996147
8 0.996152
8 0.996157
8 0.996161
8 0.996166
8 0.99618
8 0.996185
8 0.99619
8 0.996195
8 0.996204
8 0.996209
8 0.996214
8 0.996218
8 0.996223
8 0.996233
8 0.996242
8 0.996247
8 0.996252
8 0.996257
8 0.996261
8 0.996266
8 0.996271
8 0.996276
8 0.99628
8 0.996285
8 0.996295
8 0.996299
8 0.996304
8 0.996309
8 0.996314
8 0.996323
8 0.996328
8 0.996333
8 0.996337
8 0.996347
8 0.996352
8 0.996357
8 0.996361
8 0.996366
8 0.996371
8 0.996376
8 0.99638
8 0.996385
8 0.99639
8 0.996399
8 0.996404
8 0.996409
8 0.996414
8 0.996418
8 0.996423
8 0.996428
8 0.996437
8 0.996442
8 0.996452
8 0.996457
8 0.996461
8 0.996466
8 0.996471
8 0.996476
8 0.996485
8 0.99649
8 0.996495
8 0.996499
8 0.996504
8 0.996509
8 0.996514
8 0.996518
8 0.996523
8 0.996528
8 0.996538
8 0.996542
8 0.996547
8 0.996552
8 0.996557
8 0.996561
8 0.996566
8 0.996571
8 0.996576
8 0.99658
8 0.996585
8 0.99659
8 0.996595
8 0.996599
8 0.996604
8 0.996609
8 0.996618
8 0.996628
8 0.996638
8 0.996642
8 0.996647
8 0.996652
8 0.996657
8 0.996661
8 0.996666
8 0.996671
9 0.996676
9 0.99668
9 0.996685
9 0.99669
9 0.996695
9 0.996699
9 0.996709
9 0.996714
9 0.996723
9 0.996728
9 0.996733
9 0.996738
9 0.996742
9 0.996747
9 0.996752
9 0.996757
9 0.996761
9 0.996766
9 0.996776
9 0.99678
9 0.996785
9 0.99679
9 0.996795
9 0.996799
9 0.996804
9 0.996809
9 0.996814
9 0.996818
9 0.996823
9 0.996828
9 0.996842
9 0.996847
9 0.996852
9 0.996857
9 0.996861
9 0.996866
9 0.996871
9 0.99688
9 0.996885
9 0.99689
9 0.996895
9 0.996899
9 0.996909
9 0.996914
9 0.996918
9 0.996928
9 0.996933
9 0.996938
9 0.996942
9 0.996947
9 0.996957
9 0.996961
9 0.996966
9 0.996971
9 0.996976
9 0.99698
9 0.996985
9 0.99699
9 0.996995
9 0.997
9 0.997004
9 0.997009
9 0.997014
9 0.997019
9 0.997023
9 0.997028
9 0.997033
9 0.997038
9 0.997047
9 0.997052
9 0.997057
9 0.997061
9 0.997066
9 0.997071
9 0.997076
9 0.99708
9 0.997085
9 0.99709
9 0.997095
9 0.9971
9 0.997104
9 0.997109
9 0.997114
9 0.997123
9 0.997128
9 0.997133
9 0.997138
9 0.997142
9 0.997157
9 0.997166
9 0.997171
9 0.997176
9 0.997185
9 0.997195
9 0.997204
9 0.997209
9 0.997214
9 0.997219
9 0.997223
9 0.997228
9 0.997233
9 0.997238
9 0.997242
9 0.997247
9 0.997252
9 0.997257
9 0.997261
9 0.997266
9 0.997271
9 0.997276
9 0.99728
9 0.997285
9 0.99729
9 0.997295
9 0.9973
9 0.997304
9 0.997309
9 0.997314
9 0.997319
9 0.997323
9 0.997328
9 0.997333
9 0.997338
9 0.997342
9 0.997347
9 0.997352
9 0.997357
9 0.997361
9 0.997366
9 0.997371
9 0.997376
9 0.99738
9 0.997385
9 0.99739
9 0.997395
9 0.9974
9 0.997404
9 0.997409
9 0.997414
9 0.997419
9 0.997423
9 0.997428
9 0.997433
9 0.997438
9 0.997442
9 0.997447
9 0.997452
9 0.997457
9 0.997461
9 0.997471
9 0.997476
9 0.997481
9 0.997485
9 0.997495
9 0.9975
9 0.997504
9 0.997509
9 0.997514
9 0.997519
9 0.997523
9 0.997528
9 0.997533
9 0.997538
9 0.997542
9 0.997547
9 0.997552
9 0.997557
9 0.997562
9 0.997566
9 0.997571
9 0.997576
9 0.997581
9 0.997585
9 0.99759
9 0.9976
9 0.997604
9 0.997609
9 0.997614
9 0.997619
9 0.997623
9 0.997628
9 0.997638
9 0.997642
9 0.997652
9 0.997662
9 0.997666
9 0.997671
9 0.997676
9 0.997685
9 0.99769
9 0.997695
9 0.9977
10 0.997704
10 0.997709
10 0.997714
10 0.997719
10 0.997723
10 0.997728
10 0.997733
10 0.997738
10 0.997742
10 0.997747
10 0.997752
10 0.997757
10 0.997762
10 0.997766
10 0.997771
10 0.997776
10 0.997785
10 0.9978
10 0.997804
10 0.997809
10 0.997814
10 0.997819
10 0.997823
10 0.997828
10 0.997833
10 0.997838
10 0.997842
10 0.997847
10 0.997852
10 0.997857
10 0.997862
10 0.997866
10 0.997876
10 0.997881
10 0.997885
10 0.99789
10 0.997895
10 0.9979
10 0.997909
10 0.997914
10 0.997919
10 0.997923
10 0.997928
10 0.997933
10 0.997938
10 0.997943
10 0.997947
10 0.997952
10 0.997957
10 0.997966
10 0.997971
10 0.997976
10 0.997981
10 0.997985
10 0.99799
10 0.997995
10 0.998
10 0.998004
10 0.998009
10 0.998014
10 0.998019
10 0.998023
10 0.998028
10 0.998033
10 0.998038
10 0.998043
10 0.998047
10 0.998052
10 0.998057
10 0.998062
10 0.998066
10 0.998071
10 0.998076
10 0.998081
10 0.998085
10 0.99809
10 0.998095
10 0.9981
10 0.998104
10 0.998109
10 0.998114
10 0.998119
10 0.998123
10 0.998128
10 0.998133
10 0.998138
10 0.998143
10 0.998147
10 0.998157
10 0.998162
10 0.998166
10 0.998171
10 0.998176
10 0.998181
10 0.998185
10 0.99819
10 0.998195
10 0.9982
10 0.998204
10 0.998209
10 0.998214
10 0.998219
10 0.998223
10 0.998228
10 0.998233
10 0.998243
10 0.998247
10 0.998252
10 0.998257
10 0.998262
10 0.998266
10 0.998271
10 0.998276
10 0.998281
10 0.998285
11 0.99829
11 0.998295
11 0.9983
11 0.998304
11 0.998309
11 0.998314
11 0.998319
11 0.998324
11 0.998328
11 0.998333
11 0.998343
11 0.998347
11 0.998352
11 0.998357
11 0.998362
11 0.998366
11 0.998371
11 0.998376
11 0.998381
11 0.998385
11 0.99839
11 0.998395
11 0.9984
11 0.998405
11 0.998409
11 0.998414
11 0.998419
11 0.998424
11 0.998428
11 0.998433
11 0.998438
11 0.998443
11 0.998447
11 0.998452
11 0.998457
11 0.998462
11 0.998466
11 0.998471
11 0.998476
11 0.998481
11 0.998485
11 0.99849
11 0.998495
11 0.9985
11 0.998505
11 0.998509
11 0.998514
11 0.998519
11 0.998524
11 0.998528
11 0.998533
11 0.998538
11 0.998543
11 0.998547
11 0.998552
12 0.998557
12 0.998562
12 0.998566
12 0.998571
12 0.998576
12 0.998581
12 0.998585
12 0.99859
12 0.998595
12 0.9986
12 0.998605
12 0.998609
12 0.998614
12 0.998619
12 0.998624
12 0.998628
12 0.998633
12 0.998638
12 0.998647
12 0.998652
12 0.998657
12 0.998662
12 0.998666
12 0.998671
12 0.998676
12 0.998681
12 0.998685
12 0.99869
12 0.998695
13 0.9987
13 0.998705
13 0.998709
13 0.998714
13 0.998719
13 0.998724
13 0.998728
13 0.998733
13 0.998738
13 0.998743
13 0.998747
13 0.998752
13 0.998757
13 0.998762
13 0.998766
14 0.998771
14 0.998776
14 0.998781
14 0.998785
14 0.99879
14 0.998795
14 0.9988
14 0.998805
14 0.998809
15 0.998814
15 0.998819
15 0.998824
15 0.998828
15 0.998833
15 0.998838
15 0.998843
15 0.998847
15 0.998852
15 0.998857
16 0.998862
16 0.998866
16 0.998871
16 0.998876
16 0.998881
16 0.998886
17 0.99889
17 0.998895
17 0.9989
17 0.998905
17 0.998909
17 0.998914
17 0.998919
17 0.998924
17 0.998928
17 0.998933
17 0.998938
17 0.998943
18 0.998947
18 0.998952
18 0.998957
18 0.998962
18 0.998967
18 0.998971
18 0.998976
18 0.998981
18 0.998986
18 0.99899
18 0.998995
18 0.999
19 0.999005
19 0.999009
19 0.999014
19 0.999019
19 0.999024
19 0.999028
19 0.999033
19 0.999038
19 0.999043
19 0.999047
19 0.999052
20 0.999062
20 0.999067
20 0.999071
20 0.999076
20 0.999081
20 0.999086
21 0.99909
21 0.999095
21 0.9991
21 0.999105
21 0.999109
21 0.999114
21 0.999119
21 0.999124
21 0.999128
21 0.999133
21 0.999138
21 0.999143
21 0.999147
22 0.999152
22 0.999157
22 0.999162
22 0.999167
22 0.999171
22 0.999176
22 0.999181
23 0.999186
23 0.99919
23 0.999195
23 0.9992
23 0.999205
23 0.999209
23 0.999214
23 0.999219
23 0.999224
23 0.999228
23 0.999233
23 0.999238
24 0.999243
24 0.999247
24 0.999252
24 0.999257
24 0.999262
25 0.999267
25 0.999271
25 0.999276
25 0.999281
25 0.999286
25 0.99929
25 0.999295
25 0.9993
25 0.999305
25 0.999309
26 0.999314
26 0.999319
26 0.999324
26 0.999328
26 0.999333
26 0.999338
26 0.999343
26 0.999348
27 0.999352
27 0.999357
28 0.999362
28 0.999367
28 0.999371
29 0.999376
29 0.999381
29 0.999386
30 0.99939
31 0.999395
31 0.9994
31 0.999405
32 0.999409
32 0.999414
33 0.999419
33 0.999424
33 0.999428
33 0.999433
33 0.999438
33 0.999443
35 0.999448
38 0.999452
40 0.999457
40 0.999462
41 0.999467
41 0.999471
41 0.999476
41 0.999481
41 0.999486
46 0.99949
46 0.999495
46 0.9995
46 0.999505
46 0.999509
47 0.999514
47 0.999519
47 0.999524
47 0.999528
48 0.999533
49 0.999538
50 0.999543
50 0.999548
51 0.999552
51 0.999557
51 0.999562
52 0.999567
52 0.999571
52 0.999576
52 0.999581
52 0.999586
52 0.99959
53 0.999595
54 0.9996
54 0.999605
54 0.999609
54 0.999614
54 0.999619
55 0.999624
55 0.999628
58 0.999633
62 0.999638
64 0.999643
65 0.999648
65 0.999652
65 0.999657
65 0.999662
68 0.999667
68 0.999671
68 0.999676
68 0.999681
68 0.999686
69 0.99969
69 0.999695
69 0.9997
69 0.999705
69 0.999709
69 0.999714
69 0.999719
70 0.999724
70 0.999729
71 0.999733
71 0.999738
71 0.999743
71 0.999748
73 0.999752
73 0.999757
75 0.999762
101 0.999767
181 0.999771
301 0.999776
302 0.999781
302 0.999786
304 0.99979
304 0.999795
305 0.9998
305 0.999805
305 0.99981
308 0.999814
309 0.999819
310 0.999824
327 0.999829
327 0.999833
327 0.999838
327 0.999843
327 0.999848
328 0.999852
328 0.999857
328 0.999862
328 0.999867
328 0.999871
328 0.999876
329 0.999881
332 0.999886
332 0.99989
743 0.999895
743 0.9999
744 0.999905
744 0.99991
744 0.999914
744 0.999919
744 0.999924
745 0.999929
745 0.999933
745 0.999938
745 0.999943
746 0.999948
746 0.999952
941 0.999957
941 0.999962
941 0.999967
942 0.999971
942 0.999976
942 0.999981
942 0.999986
943 0.99999
