1 601
2 345
3 466
4 422
5 433
6 397
7 463
8 426
9 437
10 342
11 332
12 405
13 408
14 389
15 413
16 391
17 450
18 481
19 419
20 393
21 450
22 314
23 444
24 394
25 371
26 425
27 382
28 421
29 482
30 417
31 376
32 221
33 445
34 424
35 445
36 431
37 457
38 400
39 415
40 396
41 399
42 403
43 385
44 473
45 356
46 393
47 372
48 499
49 408
50 458
51 402
52 463
53 417
54 447
55 449
56 427
57 468
58 477
59 434
60 403
61 461
62 325
63 431
64 506
65 466
66 450
67 463
68 398
69 518
70 413
71 376
72 374
73 388
74 425
75 431
76 405
77 439
78 487
79 506
80 533
81 435
82 461
83 487
84 494
85 409
86 471
87 473
88 460
89 461
90 475
91 483
92 488
93 444
94 513
95 518
96 515
97 450
98 479
99 473
100 488
101 387
102 400
103 481
104 455
105 470
106 591
107 483
108 497
109 502
110 523
111 493
112 499
113 542
114 498
115 484
116 442
117 501
118 519
119 525
120 465
121 450
122 424
123 412
124 447
125 419
126 395
127 484
128 507
129 414
130 426
131 526
132 474
133 519
134 480
135 540
136 556
137 513
138 518
139 516
140 576
141 536
142 485
143 474
144 496
145 462
146 488
147 468
148 448
149 490
150 547
151 523
152 463
153 539
154 516
155 471
156 565
157 498
158 455
159 550
160 470
161 522
162 545
163 461
164 561
165 491
166 514
167 441
168 512
169 522
170 556
171 723
172 628
173 672
174 628
175 654
176 567
177 622
178 650
179 550
180 669
181 527
182 486
183 649
184 578
185 581
186 578
187 623
188 521
189 642
190 509
191 578
192 626
193 565
194 565
195 677
196 603
197 591
198 537
199 655
200 561
201 519
202 616
203 644
204 548
205 678
206 569
207 632
208 636
209 645
210 592
211 607
212 530
213 520
214 599
215 597
216 539
217 621
218 561
219 632
220 520
221 635
222 660
223 557
224 594
225 549
226 577
227 655
228 656
229 584
230 668
231 616
232 470
233 491
234 459
235 533
236 509
237 538
238 533
239 547
240 477
241 517
242 546
243 535
244 492
245 557
246 481
247 517
248 522
249 506
250 566
251 562
252 529
253 505
254 545
255 562
256 543
257 576
258 596
259 483
260 499
261 474
262 589
263 539
264 601
265 578
266 451
267 512
268 541
269 512
270 538
271 565
272 595
273 585
274 506
275 600
276 535
277 526
278 500
279 558
280 543
281 511
282 424
283 566
284 486
285 510
286 539
287 546
288 532
289 422
290 477
291 452
292 526
293 472
294 482
295 576
296 506
297 497
298 518
299 562
300 521
301 438
302 512
303 567
304 537
305 526
306 508
307 586
308 541
309 541
310 534
311 494
312 449
313 510
314 519
315 500
316 451
317 460
318 498
319 528
320 462
321 468
322 553
323 512
324 506
325 504
326 486
327 494
328 467
329 510
330 523
331 503
332 420
333 465
334 493
335 490
336 461
337 537
338 514
339 505
340 511
341 505
342 479
343 473
344 497
345 501
346 459
347 508
348 517
349 411
350 403
351 472
352 410
353 398
354 502
355 486
356 478
357 529
358 512
359 493
360 502
361 474
362 472
363 421
364 479
365 540
366 487
367 505
368 503
369 545
370 522
371 491
372 545
373 479
374 516
375 552
376 506
377 553
378 535
379 476
380 445
381 499
382 496
383 543
384 453
385 536
386 543
387 512
388 475
389 466
390 470
391 483
392 488
393 543
394 547
395 501
396 556
397 526
398 550
399 513
400 563
401 483
402 514
403 533
404 499
405 520
406 570
407 561
408 525
409 511
410 516
411 484
412 537
413 516
414 562
415 550
416 491
417 491
418 533
419 537
420 476
421 572
422 516
423 515
424 495
425 560
426 536
427 530
428 517
429 570
430 488
431 566
432 477
433 488
434 495
435 546
436 503
437 479
438 492
439 548
440 473
441 474
442 540
443 518
444 531
445 535
446 533
447 446
448 503
449 499
450 457
451 509
452 467
453 495
454 497
455 462
456 484
457 495
458 458
459 494
460 538
461 575
462 511
463 570
464 497
465 490
466 529
467 538
468 500
469 513
470 501
471 501
472 491
473 486
474 496
475 546
476 536
477 570
478 521
479 502
480 531
481 567
482 444
483 492
484 456
485 521
486 483
487 475
488 538
489 495
490 469
491 552
492 535
493 537
494 473
495 502
496 536
497 478
498 497
499 473
500 586
501 419
502 569
503 502
504 540
505 509
506 500
507 533
508 467
509 521
510 508
511 548
512 545
513 516
514 523
515 541
516 459
517 459
518 497
519 518
520 509
521 511
522 425
523 546
524 495
525 443
526 474
527 478
528 420
529 471
530 486
531 452
532 470
533 518
534 538
535 485
536 541
537 539
538 525
539 503
540 521
541 497
542 557
543 486
544 528
545 497
546 486
547 450
548 485
549 463
550 516
551 525
552 509
553 536
554 521
555 464
556 473
557 480
558 528
559 467
560 512
561 536
562 506
563 476
564 449
565 447
566 451
567 573
568 472
569 472
570 513
571 470
572 442
573 459
574 456
575 505
576 514
577 469
578 518
579 414
580 501
581 422
582 482
583 456
584 442
585 554
586 519
587 478
588 493
589 481
590 439
591 430
592 449
593 488
594 470
595 414
596 494
597 449
598 473
599 429
600 393
601 524
602 444
603 523
604 513
605 536
606 503
607 505
608 464
609 492
610 521
611 550
612 514
613 520
614 515
615 459
616 444
617 390
618 467
619 514
620 464
621 441
622 404
623 527
624 411
625 493
626 503
627 496
628 490
629 477
630 517
631 399
632 421
633 449
634 429
635 505
636 509
637 479
638 443
639 459
640 465
641 474
642 383
643 475
644 477
645 518
646 522
647 487
648 485
649 437
650 491
651 474
652 459
653 535
654 513
655 503
656 512
657 469
658 428
659 482
660 485
661 478
662 367
663 514
664 507
665 485
666 512
667 490
668 425
669 455
670 494
671 515
672 516
673 475
674 478
675 518
676 478
677 478
678 487
679 504
680 493
681 535
682 479
683 478
684 549
685 476
686 517
687 479
688 457
689 514
690 524
691 428
692 536
693 507
694 494
695 492
696 507
697 433
698 390
699 367
700 402
701 426
702 341
703 378
704 413
705 490
706 438
707 420
708 354
709 340
710 355
711 353
712 311
713 374
714 334
715 399
716 400
717 437
718 431
719 543
720 495
721 384
722 266
723 286
724 304
725 349
726 360
727 332
728 321
729 317
730 335
731 303
732 160
733 166
734 169
735 154
736 146
737 142
738 141
739 134
740 137
741 133
742 114
743 137
744 135
745 135
746 128
747 135
748 138
749 137
750 134
751 133
752 119
753 145
754 148
755 147
756 127
757 127
758 123
759 118
760 116
761 113
762 100
763 109
764 108
765 109
766 105
767 108
768 107
769 106
770 109
771 110
772 98
773 116
774 122
775 125
776 135
777 119
778 120
779 125
780 125
781 124
782 109
783 123
784 126
785 123
786 122
787 123
788 121
789 122
790 120
791 117
792 100
793 120
794 117
795 116
796 118
797 124
798 118
799 119
800 119
801 120
802 111
803 126
804 125
805 127
806 131
807 130
808 134
809 132
810 130
811 129
812 104
813 134
814 123
815 124
816 126
817 124
818 120
819 119
820 139
821 120
822 112
823 118
824 117
825 121
826 116
827 118
828 116
829 118
830 121
831 115
832 108
833 122
834 118
835 118
836 120
837 117
838 118
839 121
840 123
841 114
842 101
843 123
844 119
845 116
846 116
847 116
848 115
849 117
850 113
851 108
852 97
853 110
854 112
855 113
856 114
857 112
858 114
859 116
860 110
861 110
862 101
863 116
864 114
865 110
866 112
867 113
868 121
869 117
870 123
871 114
872 97
873 111
874 109
875 111
876 115
877 109
878 113
879 115
880 111
881 108
882 98
883 116
884 111
885 111
886 117
887 112
888 114
889 118
890 114
891 113
892 99
893 126
894 111
895 115
896 110
897 112
898 114
899 119
900 114
901 112
902 98
903 112
904 113
905 115
906 113
907 110
908 117
909 114
910 111
911 117
912 97
913 113
914 114
915 111
916 112
917 119
918 129
919 116
920 110
921 110
922 101
923 112
924 110
925 114
926 111
927 113
928 112
929 117
930 117
931 114
932 102
933 116
934 116
935 112
936 116
937 110
938 100
939 116
940 114
941 112
942 105
943 116
944 118
945 114
946 118
947 118
948 117
949 115
950 116
951 117
952 105
953 118
954 121
955 116
956 116
957 119
958 117
959 117
960 118
961 116
962 104
963 117
964 121
965 117
966 138
967 129
968 128
969 118
970 116
971 120
972 104
973 119
974 126
975 118
976 121
977 123
978 119
979 121
980 120
981 118
982 107
983 123
984 124
985 122
986 120
987 121
988 123
989 131
990 126
991 122
992 111
993 125
994 126
995 124
996 127
997 129
998 125
999 125
1000 128
1001 123
1002 108
1003 122
1004 126
1005 130
1006 125
1007 125
1008 123
1009 125
1010 123
1011 125
1012 121
1013 134
1014 136
1015 122
1016 119
1017 118
1018 119
1019 115
1020 116
1021 114
1022 103
1023 125
1024 112
1025 115
1026 118
1027 117
1028 118
1029 122
1030 118
1031 119
1032 106
1033 126
1034 130
1035 147
1036 132
1037 134
1038 140
1039 144
1040 140
1041 141
1042 124
1043 134
1044 129
1045 123
1046 118
1047 122
1048 119
1049 119
1050 119
1051 114
1052 103
1053 121
1054 119
1055 121
1056 130
1057 135
1058 126
1059 121
1060 123
1061 119
1062 111
1063 122
1064 127
1065 121
1066 118
1067 119
1068 122
1069 123
1070 122
1071 120
1072 107
1073 120
1074 127
1075 119
1076 119
1077 116
1078 120
1079 119
1080 126
1081 123
1082 107
1083 125
1084 124
1085 126
1086 125
1087 122
1088 127
1089 121
1090 123
1091 116
1092 108
1093 121
1094 124
1095 119
1096 120
1097 122
1098 121
1099 120
1100 120
1101 119
1102 105
1103 122
1104 135
1105 135
1106 130
1107 122
1108 120
1109 126
1110 123
1111 122
1112 110
1113 126
1114 124
1115 125
1116 121
1117 130
1118 126
1119 125
1120 121
1121 125
1122 111
1123 124
1124 124
1125 124
1126 135
1127 122
1128 125
1129 119
1130 123
1131 116
1132 109
1133 121
1134 121
1135 121
1136 123
1137 126
1138 122
1139 119
1140 124
1141 115
1142 107
1143 121
1144 122
1145 125
1146 121
1147 122
1148 120
1149 137
1150 128
1151 128
1152 110
1153 123
1154 129
1155 123
1156 128
1157 128
1158 129
1159 126
1160 136
1161 121
1162 111
1163 123
1164 129
1165 129
1166 126
1167 127
1168 131
1169 130
1170 129
1171 130
1172 114
1173 132
1174 129
1175 129
1176 134
1177 131
1178 129
1179 131
1180 129
1181 128
1182 122
1183 131
1184 132
1185 130
1186 134
1187 131
1188 133
1189 134
1190 144
1191 128
1192 122
1193 144
1194 142
1195 137
1196 138
1197 136
1198 137
1199 136
1200 139
1201 132
1202 119
1203 150
1204 134
1205 135
1206 135
1207 136
1208 134
1209 136
1210 137
1211 130
1212 121
1213 149
1214 152
1215 139
1216 140
1217 141
1218 139
1219 140
1220 142
1221 143
1222 122
1223 148
1224 145
1225 147
1226 144
1227 149
1228 167
1229 186
1230 223
1231 177
1232 214
1233 159
1234 189
1235 199
1236 205
1237 195
1238 147
1239 149
1240 152
1241 169
1242 155
1243 152
1244 159
1245 190
1246 202
1247 158
1248 168
1249 178
1250 192
1251 152
1252 155
1253 157
1254 166
1255 181
1256 177
1257 163
1258 162
1259 162
1260 169
1261 185
1262 147
1263 174
1264 177
1265 162
1266 172
1267 181
1268 177
1269 192
1270 190
1271 201
1272 158
1273 197
1274 191
1275 200
1276 177
1277 216
1278 207
1279 168
1280 167
1281 178
1282 146
1283 245
1284 208
1285 199
1286 215
1287 200
1288 201
1289 178
1290 184
1291 189
1292 185
1293 224
1294 221
1295 240
1296 190
1297 219
1298 201
1299 195
1300 190
1301 252
1302 193
1303 257
1304 207
1305 217
1306 215
1307 235
1308 234
1309 216
1310 265
1311 205
1312 185
1313 239
1314 213
1315 253
1316 221
1317 192
1318 171
1319 219
1320 242
1321 212
1322 164
1323 186
1324 199
1325 228
1326 186
1327 221
1328 208
1329 215
1330 203
1331 221
1332 187
1333 201
1334 212
1335 231
1336 209
1337 197
1338 181
1339 191
1340 187
1341 225
1342 180
1343 218
1344 237
1345 222
1346 220
1347 214
1348 220
1349 185
1350 179
1351 206
1352 166
1353 223
1354 198
1355 237
1356 180
1357 170
1358 181
1359 212
1360 172
1361 212
1362 152
1363 215
1364 182
1365 202
1366 217
1367 209
1368 203
1369 201
1370 270
1371 177
1372 170
1373 255
1374 234
1375 219
1376 233
1377 243
1378 260
1379 204
1380 227
1381 214
1382 234
1383 200
1384 182
1385 218
1386 205
1387 220
1388 200
1389 192
1390 203
1391 251
1392 169
1393 231
1394 251
1395 257
1396 261
1397 256
1398 242
1399 271
1400 251
1401 237
1402 192
1403 220
1404 208
1405 220
1406 250
1407 243
1408 241
1409 235
1410 230
1411 269
1412 192
1413 257
1414 238
1415 300
1416 260
1417 236
1418 236
1419 245
1420 222
1421 249
1422 215
1423 258
1424 275
1425 270
1426 232
1427 200
1428 216
1429 221
1430 244
1431 182
1432 169
1433 246
1434 245
1435 244
1436 227
1437 214
1438 234
1439 244
1440 259
1441 253
1442 206
1443 266
1444 270
1445 269
1446 245
1447 217
1448 243
1449 264
1450 215
1451 269
1452 209
1453 278
1454 226
1455 204
1456 258
1457 282
1458 263
1459 265
1460 220
1461 236
1462 203
1463 275
1464 312
1465 277
1466 248
1467 241
1468 236
1469 207
1470 234
1471 213
1472 177
1473 209
1474 249
1475 230
1476 288
1477 266
1478 246
1479 282
1480 275
1481 221
1482 231
1483 270
1484 275
1485 287
1486 298
1487 280
1488 279
1489 240
1490 226
1491 262
1492 230
1493 280
1494 271
1495 244
1496 273
1497 271
1498 296
1499 270
1500 250
1501 242
1502 194
1503 235
1504 212
1505 255
1506 258
1507 248
1508 253
1509 261
1510 264
1511 250
1512 223
1513 287
1514 256
1515 293
1516 271
1517 267
1518 289
1519 252
1520 310
1521 223
1522 213
1523 319
1524 323
1525 279
1526 260
1527 272
1528 254
1529 301
1530 298
1531 276
1532 241
1533 257
1534 328
1535 276
1536 289
1537 267
1538 294
1539 284
1540 236
1541 229
1542 240
1543 321
1544 322
1545 311
1546 285
1547 281
1548 288
1549 230
1550 247
1551 288
1552 290
1553 325
1554 262
1555 305
1556 310
1557 333
1558 335
1559 267
1560 295
1561 291
1562 248
1563 324
1564 334
1565 335
1566 294
1567 265
1568 324
1569 329
1570 316
1571 287
1572 216
1573 324
1574 296
1575 294
1576 283
1577 294
1578 328
1579 277
1580 344
1581 293
1582 246
1583 308
1584 284
1585 313
1586 353
1587 298
1588 299
1589 335
1590 371
1591 334
1592 265
1593 309
1594 308
1595 296
1596 288
1597 299
1598 312
1599 276
1600 303
1601 292
1602 252
1603 312
1604 314
1605 322
1606 327
1607 337
1608 318
1609 292
1610 290
1611 300
1612 269
1613 305
1614 339
1615 381
1616 311
1617 332
1618 319
1619 295
1620 324
1621 292
1622 286
1623 306
1624 308
1625 295
1626 343
1627 315
1628 317
1629 329
1630 391
1631 341
1632 263
1633 324
1634 359
1635 381
1636 357
1637 357
1638 334
1639 316
1640 305
1641 342
1642 305
1643 393
1644 391
1645 344
1646 335
1647 334
1648 356
1649 330
1650 319
1651 290
1652 325
1653 328
1654 333
1655 362
1656 420
1657 354
1658 345
1659 330
1660 319
1661 373
1662 306
1663 398
1664 406
1665 389
1666 420
1667 347
1668 396
1669 375
1670 376
1671 333
1672 355
1673 368
1674 349
1675 326
1676 386
1677 386
1678 326
1679 339
1680 360
1681 308
1682 374
1683 427
1684 419
1685 398
1686 333
1687 411
1688 364
1689 343
1690 363
1691 324
1692 321
1693 370
1694 344
1695 367
1696 401
1697 417
1698 369
1699 383
1700 375
1701 365
1702 285
1703 381
1704 363
1705 435
1706 363
1707 400
1708 413
1709 366
1710 390
1711 397
1712 386
1713 447
1714 421
1715 401
1716 423
1717 457
1718 453
1719 456
1720 390
1721 442
1722 448
1723 421
1724 468
1725 435
1726 440
1727 424
1728 412
1729 412
1730 429
1731 443
1732 339
1733 397
1734 398
1735 410
1736 379
1737 387
1738 422
1739 446
1740 404
1741 417
1742 378
1743 450
1744 396
1745 442
1746 476
1747 427
1748 520
1749 475
1750 446
1751 510
1752 416
1753 452
1754 426
1755 426
1756 448
1757 494
1758 476
1759 461
1760 496
1761 428
1762 390
1763 537
1764 524
1765 461
1766 527
1767 435
1768 501
1769 485
1770 424
1771 457
1772 371
1773 494
1774 465
1775 473
1776 510
1777 520
1778 494
1779 464
1780 449
1781 485
1782 489
1783 519
1784 447
1785 482
1786 490
1787 474
1788 491
1789 528
1790 580
1791 430
1792 436
1793 541
1794 500
1795 501
1796 479
1797 434
1798 520
1799 548
1800 516
1801 550
1802 539
1803 527
1804 530
1805 532
1806 522
1807 562
1808 504
1809 536
1810 501
1811 575
1812 599
1813 555
1814 530
1815 549
1816 532
1817 594
1818 597
1819 616
1820 584
1821 548
1822 553
1823 601
1824 589
1825 551
1826 567
1827 572
1828 590
1829 589
1830 601
1831 550
1832 641
1833 576
1834 621
1835 607
1836 622
1837 639
1838 619
1839 624
1840 609
1841 626
1842 626
1843 626
1844 625
1845 612
1846 650
1847 620
1848 624
1849 612
1850 620
1851 621
1852 641
1853 616
1854 616
1855 625
1856 633
1857 630
1858 614
1859 629
1860 635
1861 642
1862 639
1863 625
1864 632
1865 616
1866 614
1867 630
1868 624
1869 625
1870 616
1871 623
1872 623
1873 623
1874 622
1875 624
1876 622
1877 631
1878 617
1879 620
1880 623
1881 624
1882 626
1883 623
1884 629
1885 622
1886 624
1887 622
1888 620
1889 626
1890 616
1891 621
1892 628
1893 623
1894 625
1895 623
1896 617
1897 631
1898 626
1899 611
1900 629
1901 617
1902 620
1903 622
1904 598
1905 633
1906 624
1907 628
1908 621
1909 617
1910 621
1911 615
1912 619
1913 631
1914 620
1915 623
1916 619
1917 626
1918 621
1919 623
1920 628
1921 620
1922 634
1923 645
1924 621
1925 628
1926 614
1927 624
1928 621
1929 628
1930 619
1931 627
1932 617
1933 629
1934 620
1935 632
1936 625
1937 624
1938 620
1939 621
1940 627
1941 615
1942 622
1943 620
1944 622
1945 623
1946 617
1947 623
1948 624
1949 624
1950 629
1951 626
1952 614
1953 625
1954 621
1955 633
1956 623
1957 625
1958 625
1959 615
1960 617
1961 626
1962 628
1963 625
1964 614
1965 614
1966 614
1967 625
1968 617
1969 623
1970 620
1971 628
1972 620
1973 614
1974 619
1975 625
1976 624
1977 630
1978 624
1979 626
1980 617
1981 622
1982 617
1983 623
1984 631
1985 620
1986 625
1987 614
1988 629
1989 622
1990 621
1991 616
1992 621
1993 614
1994 619
1995 617
1996 628
1997 563
1998 555
1999 549
2000 616
2001 559
2002 553
2003 607
2004 532
2005 575
2006 595
2007 549
2008 626
2009 560
2010 517
2011 626
2012 567
2013 620
2014 476
2015 621
2016 548
2017 547
2018 627
2019 589
2020 583
2021 561
2022 621
2023 547
2024 517
2025 609
2026 587
2027 554
2028 553
2029 611
2030 552
2031 505
2032 622
2033 608
2034 515
2035 595
2036 536
2037 578
2038 550
2039 573
2040 573
2041 536
2042 497
2043 611
2044 548
2045 549
2046 612
2047 500
2048 620
2049 529
2050 598
2051 623
2052 549
2053 504
2054 609
2055 616
2056 505
2057 618
2058 523
2059 608
2060 515
2061 616
2062 480
2063 610
2064 610
2065 533
2066 610
2067 526
2068 616
2069 539
2070 569
2071 557
2072 554
2073 611
2074 537
2075 505
2076 620
2077 516
2078 621
2079 507
2080 611
2081 582
2082 573
2083 546
2084 487
2085 612
2086 611
2087 548
2088 499
2089 612
2090 602
2091 548
2092 540
2093 545
2094 599
2095 581
2096 539
2097 552
2098 564
2099 550
2100 610
2101 462
2102 528
2103 610
2104 502
2105 611
2106 491
2107 608
2108 557
2109 614
2110 471
2111 614
2112 521
2113 589
2114 612
2115 550
2116 471
2117 602
2118 611
2119 483
2120 607
2121 546
2122 608
2123 552
2124 503
2125 611
2126 593
2127 560
2128 539
2129 575
2130 503
2131 619
2132 549
2133 601
2134 482
2135 614
2136 546
2137 555
2138 601
2139 545
2140 537
2141 603
2142 548
2143 560
2144 558
2145 559
2146 524
2147 596
2148 551
2149 540
2150 610
2151 482
2152 608
2153 509
2154 600
2155 543
2156 606
2157 480
2158 603
2159 513
2160 593
2161 458
2162 529
2163 545
2164 536
2165 598
2166 534
2167 599
2168 535
2169 604
2170 538
2171 545
2172 593
2173 542
2174 565
2175 578
2176 529
2177 602
2178 507
2179 607
2180 546
2181 602
2182 511
2183 603
2184 558
2185 554
2186 473
2187 603
2188 608
2189 545
2190 499
2191 605
2192 615
2193 560
2194 515
2195 599
2196 515
2197 602
2198 557
2199 546
2200 568
2201 586
2202 481
2203 605
2204 550
2205 558
2206 550
2207 552
2208 554
2209 521
2210 611
2211 520
2212 605
2213 480
2214 599
2215 608
2216 494
2217 608
2218 497
2219 614
2220 507
2221 606
2222 480
2223 602
2224 602
2225 548
2226 508
2227 610
2228 504
2229 612
2230 494
2231 610
2232 608
2233 483
2234 605
2235 531
2236 588
2237 566
2238 537
2239 548
2240 573
2241 547
2242 536
2243 598
2244 533
2245 605
2246 506
2247 605
2248 535
2249 477
2250 604
2251 605
2252 550
2253 533
2254 548
2255 592
2256 513
2257 605
2258 482
2259 607
2260 610
2261 537
2262 540
2263 538
2264 603
2265 544
2266 502
2267 610
2268 500
2269 611
2270 522
2271 606
2272 543
2273 500
2274 604
2275 516
2276 613
2277 549
2278 562
2279 558
2280 554
2281 599
2282 473
2283 610
2284 543
2285 603
2286 547
2287 535
2288 526
2289 605
2290 500
2291 602
2292 488
2293 584
2294 610
2295 542
2296 515
2297 603
2298 521
2299 601
2300 538
2301 518
2302 502
2303 577
2304 507
2305 604
2306 537
2307 555
2308 596
2309 536
2310 511
2311 612
2312 533
2313 544
2314 557
2315 602
2316 497
2317 608
2318 577
2319 568
2320 522
2321 597
2322 475
2323 607
2324 542
2325 603
2326 544
2327 505
2328 600
2329 539
2330 532
2331 574
2332 538
2333 560
2334 602
2335 546
2336 503
2337 580
2338 608
2339 478
2340 603
2341 543
2342 496
2343 542
2344 544
2345 601
2346 544
2347 498
2348 601
2349 484
2350 605
2351 562
2352 556
2353 468
2354 594
2355 580
2356 518
2357 599
2358 479
2359 600
2360 611
2361 511
2362 605
2363 511
2364 603
2365 544
2366 463
2367 604
2368 603
2369 523
2370 595
2371 543
2372 534
2373 514
2374 577
2375 605
2376 546
2377 568
2378 545
2379 483
2380 605
2381 602
2382 545
2383 552
2384 526
2385 562
2386 602
2387 463
2388 605
2389 604
2390 549
2391 474
2392 604
2393 575
2394 584
2395 542
2396 546
2397 553
2398 598
2399 521
2400 605
2401 512
2402 605
2403 545
2404 465
2405 602
2406 600
2407 494
2408 604
2409 524
2410 601
2411 476
2412 604
2413 609
2414 530
2415 599
2416 539
2417 546
2418 540
2419 608
2420 542
2421 509
2422 593
2423 585
2424 541
2425 571
2426 547
2427 539
2428 595
2429 504
2430 602
2431 523
2432 603
2433 491
2434 605
2435 530
2436 605
2437 491
2438 602
2439 554
2440 573
2441 526
2442 569
2443 558
2444 542
2445 596
2446 525
2447 610
2448 545
2449 470
2450 597
2451 599
2452 475
2453 603
2454 502
2455 577
2456 605
2457 500
2458 602
2459 485
2460 609
2461 554
2462 499
2463 523
2464 551
2465 602
2466 497
2467 596
2468 542
2469 527
2470 609
2471 495
2472 592
2473 557
2474 552
2475 553
2476 546
2477 601
2478 542
2479 538
2480 561
2481 607
2482 542
2483 551
2484 578
2485 530
2486 569
2487 534
2488 559
2489 530
2490 567
2491 509
2492 600
2493 542
2494 543
2495 559
2496 554
2497 548
2498 602
2499 548
2500 536
2501 559
2502 605
2503 487
2504 590
2505 581
2506 535
2507 560
2508 588
2509 490
2510 602
2511 522
2512 490
2513 584
2514 534
2515 571
2516 544
2517 562
2518 524
2519 602
2520 532
2521 537
2522 599
2523 502
2524 599
2525 492
2526 605
2527 507
2528 595
2529 544
2530 599
2531 553
2532 544
2533 535
2534 567
2535 581
2536 499
2537 606
2538 546
2539 605
2540 540
2541 533
2542 545
2543 582
2544 541
2545 594
2546 543
2547 493
2548 608
2549 572
2550 519
2551 605
2552 540
2553 543
2554 527
2555 604
2556 487
2557 602
2558 606
2559 546
2560 550
2561 505
2562 598
2563 492
2564 592
2565 544
2566 577
2567 556
2568 503
2569 590
2570 545
2571 496
2572 588
2573 597
2574 485
2575 611
2576 537
2577 568
2578 540
2579 605
2580 516
2581 602
2582 535
2583 487
2584 607
2585 587
2586 528
2587 568
2588 570
2589 483
2590 605
2591 532
2592 359
2593 502
2594 591
2595 597
2596 514
2597 601
2598 483
2599 596
2600 535
2601 589
2602 531
2603 603
2604 556
2605 515
2606 597
2607 522
2608 602
2609 511
2610 602
2611 533
2612 494
2613 592
2614 606
2615 467
2616 600
2617 537
2618 556
2619 545
2620 536
2621 594
2622 468
2623 593
2624 587
2625 542
2626 491
2627 606
2628 595
2629 513
2630 598
2631 516
2632 581
2633 553
2634 483
2635 601
2636 579
2637 542
2638 549
2639 546
2640 554
2641 554
2642 551
2643 519
2644 602
2645 485
2646 599
2647 495
2648 603
2649 602
2650 535
2651 492
2652 600
2653 589
2654 534
2655 545
2656 498
2657 599
2658 495
2659 596
2660 509
2661 597
2662 483
2663 587
2664 605
2665 554
2666 490
2667 598
2668 543
2669 581
2670 529
2671 599
2672 492
2673 599
2674 585
2675 524
2676 600
2677 476
2678 598
2679 529
2680 575
2681 541
2682 550
2683 600
2684 498
2685 598
2686 577
2687 508
2688 602
2689 539
2690 559
2691 535
2692 541
2693 580
2694 508
2695 607
2696 508
2697 601
2698 542
2699 486
2700 591
2701 605
2702 548
2703 528
2704 537
2705 596
2706 510
2707 602
2708 495
2709 605
2710 543
2711 581
2712 524
2713 564
2714 545
2715 573
2716 525
2717 595
2718 539
2719 550
2720 576
2721 540
2722 601
2723 540
2724 480
2725 594
2726 601
2727 537
2728 517
2729 605
2730 527
2731 605
2732 543
2733 510
2734 583
2735 596
2736 526
2737 604
2738 512
2739 602
2740 533
2741 544
2742 527
2743 593
2744 536
2745 545
2746 543
2747 588
2748 508
2749 589
2750 520
2751 579
2752 570
2753 530
2754 508
2755 599
2756 529
2757 549
2758 577
2759 496
2760 584
2761 527
2762 508
2763 526
2764 524
2765 599
2766 481
2767 602
2768 495
2769 571
2770 598
2771 546
2772 519
2773 589
2774 494
2775 593
2776 599
2777 503
2778 598
2779 548
2780 511
2781 591
2782 544
2783 537
2784 552
2785 599
2786 475
2787 595
2788 592
2789 479
2790 599
2791 541
2792 587
2793 550
2794 502
2795 590
2796 542
2797 501
2798 595
2799 498
2800 585
2801 602
2802 544
2803 535
2804 552
2805 523
2806 593
2807 491
2808 608
2809 599
2810 539
2811 500
2812 601
2813 501
2814 595
2815 537
2816 528
2817 552
2818 606
2819 500
2820 610
2821 547
2822 507
2823 599
2824 509
2825 597
2826 485
2827 606
2828 603
2829 531
2830 525
2831 598
2832 495
2833 599
2834 487
2835 597
2836 605
2837 484
2838 585
2839 513
2840 598
2841 546
2842 560
2843 566
2844 497
2845 595
2846 551
2847 541
2848 541
2849 548
2850 561
2851 515
2852 593
2853 530
2854 545
2855 553
2856 548
2857 525
2858 599
2859 532
2860 544
2861 568
2862 538
2863 530
2864 596
2865 498
2866 593
2867 532
2868 545
2869 602
2870 534
2871 524
2872 605
2873 540
2874 506
2875 576
2876 597
2877 534
2878 528
2879 543
2880 587
2881 513
2882 593
2883 460
2884 602
2885 531
2886 591
2887 535
2888 541
2889 533
2890 603
2891 473
2892 598
2893 535
2894 605
2895 540
2896 488
2897 595
2898 590
2899 516
2900 585
2901 526
2902 574
2903 537
2904 573
2905 544
2906 558
2907 565
2908 538
2909 546
2910 599
2911 509
2912 605
2913 494
2914 599
2915 531
2916 525
2917 557
2918 599
2919 540
2920 537
2921 577
2922 551
2923 559
2924 542
2925 559
2926 512
2927 588
2928 529
2929 555
2930 559
2931 516
2932 360
2933 600
2934 480
2935 595
2936 535
2937 594
2938 469
2939 597
2940 520
2941 580
2942 511
2943 599
2944 548
2945 591
2946 536
2947 494
2948 594
2949 581
2950 502
2951 597
2952 467
2953 588
2954 589
2955 506
2956 589
2957 496
2958 590
2959 542
2960 529
2961 529
2962 340
2963 504
2964 563
2965 598
2966 536
2967 502
2968 596
2969 529
2970 564
2971 572
2972 505
2973 596
2974 528
2975 508
2976 602
2977 503
2978 594
2979 540
2980 546
2981 578
2982 511
2983 575
2984 536
2985 600
2986 541
2987 498
2988 596
2989 513
2990 593
2991 545
2992 509
2993 581
2994 599
2995 502
2996 599
2997 464
2998 604
2999 566
3000 519
3001 600
3002 476
3003 600
3004 592
3005 460
3006 605
3007 535
3008 594
3009 541
3010 475
3011 599
3012 593
3013 536
3014 515
3015 599
3016 522
3017 525
3018 583
3019 482
3020 601
3021 536
3022 569
3023 557
3024 534
3025 536
3026 576
3027 524
3028 600
3029 513
3030 590
3031 512
3032 588
3033 512
3034 598
3035 515
3036 584
3037 536
3038 530
3039 600
3040 543
3041 524
3042 595
3043 537
3044 535
3045 557
3046 592
3047 541
3048 473
3049 592
3050 594
3051 537
3052 481
3053 596
3054 599
3055 520
3056 538
3057 523
3058 584
3059 516
3060 542
3061 597
3062 506
3063 595
3064 526
3065 600
3066 492
3067 599
3068 561
3069 546
3070 559
3071 523
3072 554
3073 506
3074 599
3075 449
3076 590
3077 598
3078 484
3079 595
3080 478
3081 587
3082 552
3083 527
3084 599
3085 535
3086 542
3087 530
3088 595
3089 519
3090 604
3091 455
3092 593
3093 603
3094 551
3095 546
3096 464
3097 600
3098 598
3099 499
3100 594
3101 538
3102 495
3103 593
3104 605
3105 523
3106 494
3107 592
3108 528
3109 537
3110 587
3111 475
3112 590
3113 539
3114 572
3115 530
3116 571
3117 493
3118 601
3119 512
3120 590
3121 534
3122 587
3123 481
3124 583
3125 531
3126 580
3127 479
3128 593
3129 528
3130 574
3131 557
3132 534
3133 542
3134 553
3135 576
3136 531
3137 508
3138 596
3139 484
3140 597
3141 588
3142 537
3143 494
3144 599
3145 535
3146 536
3147 601
3148 532
3149 537
3150 522
3151 598
3152 477
3153 607
3154 511
3155 593
3156 530
3157 568
3158 565
3159 504
3160 590
3161 528
3162 537
3163 555
3164 531
3165 550
3166 593
3167 528
3168 540
3169 553
3170 571
3171 498
3172 499
3173 600
3174 505
3175 590
3176 481
3177 590
3178 509
3179 591
3180 496
3181 602
3182 540
3183 535
3184 539
3185 599
3186 501
3187 602
3188 466
3189 596
3190 590
3191 542
3192 540
3193 486
3194 581
3195 593
3196 534
3197 545
3198 557
3199 505
3200 599
3201 492
3202 587
3203 594
3204 509
3205 599
3206 543
3207 495
3208 595
3209 464
3210 592
3211 601
3212 497
3213 599
3214 498
3215 590
3216 521
3217 502
3218 583
3219 496
3220 604
3221 533
3222 530
3223 575
3224 519
3225 582
3226 490
3227 594
3228 466
3229 596
3230 597
3231 537
3232 535
3233 540
3234 597
3235 531
3236 528
3237 540
3238 552
3239 530
3240 597
3241 498
3242 599
3243 482
3244 594
3245 514
3246 541
3247 583
3248 498
3249 592
3250 471
3251 590
3252 589
3253 490
3254 596
3255 519
3256 591
3257 496
3258 595
3259 549
3260 510
3261 595
3262 531
3263 532
3264 560
3265 569
3266 498
3267 590
3268 524
3269 595
3270 532
3271 545
3272 543
3273 599
3274 483
3275 588
3276 511
3277 586
3278 495
3279 585
3280 533
3281 593
3282 525
3283 533
3284 539
3285 588
3286 474
3287 595
3288 506
3289 581
3290 494
3291 597
3292 506
3293 567
3294 602
3295 496
3296 596
3297 513
3298 602
3299 533
3300 479
3301 596
3302 611
3303 494
3304 603
3305 533
3306 511
3307 594
3308 532
3309 517
3310 567
3311 599
3312 477
3313 596
3314 570
3315 497
3316 599
3317 527
3318 562
3319 516
3320 599
3321 512
3322 596
3323 513
3324 602
3325 527
3326 503
3327 599
3328 501
3329 583
3330 533
3331 596
3332 538
3333 513
3334 599
3335 462
3336 599
3337 571
3338 537
3339 547
3340 588
3341 494
3342 602
3343 519
3344 602
3345 534
3346 512
3347 600
3348 509
3349 599
3350 539
3351 513
3352 586
3353 485
3354 600
3355 533
3356 578
3357 492
3358 598
3359 497
3360 596
3361 490
3362 595
3363 518
3364 608
3365 542
3366 525
3367 541
3368 593
3369 476
3370 603
3371 590
3372 536
3373 533
3374 513
3375 547
3376 598
3377 530
3378 539
3379 579
3380 490
3381 601
3382 526
3383 553
3384 576
3385 503
3386 595
3387 542
3388 458
3389 598
3390 596
3391 450
3392 594
3393 537
3394 568
3395 529
3396 569
3397 545
3398 559
3399 536
3400 592
3401 508
3402 588
3403 538
3404 468
3405 593
3406 589
3407 518
3408 577
3409 532
3410 556
3411 577
3412 530
3413 511
3414 594
3415 530
3416 527
3417 593
3418 532
3419 543
3420 526
3421 574
3422 522
3423 559
3424 539
3425 584
3426 497
3427 595
3428 489
3429 592
3430 533
3431 531
3432 540
3433 592
3434 495
3435 597
3436 495
3437 589
3438 545
3439 508
3440 593
3441 511
3442 587
3443 527
3444 498
3445 581
3446 590
3447 499
3448 607
3449 492
3450 590
3451 533
3452 501
3453 588
3454 529
3455 541
3456 566
3457 540
3458 591
3459 453
3460 600
3461 525
3462 601
3463 476
3464 592
3465 503
3466 598
3467 535
3468 587
3469 508
3470 575
3471 593
3472 547
3473 532
3474 544
3475 524
3476 585
3477 535
3478 525
3479 576
3480 530
3481 592
3482 502
3483 591
3484 454
3485 597
3486 520
3487 576
3488 529
3489 591
3490 535
3491 582
3492 510
3493 568
3494 569
3495 502
3496 596
3497 536
3498 460
3499 589
3500 602
3501 523
3502 496
3503 599
3504 537
3505 530
3506 596
3507 506
3508 601
3509 504
3510 596
3511 503
3512 595
3513 497
3514 592
3515 506
3516 587
3517 510
3518 581
3519 483
3520 583
3521 508
3522 588
3523 523
3524 578
3525 485
3526 584
3527 511
3528 595
3529 530
3530 552
3531 530
3532 557
3533 571
3534 520
3535 526
3536 560
3537 528
3538 596
3539 474
3540 595
3541 588
3542 476
3543 597
3544 547
3545 592
3546 537
3547 507
3548 587
3549 501
3550 599
3551 535
3552 510
3553 590
3554 528
3555 595
3556 505
3557 597
3558 525
3559 530
3560 558
3561 532
3562 534
3563 592
3564 497
3565 593
3566 500
3567 598
3568 526
3569 498
3570 599
3571 532
3572 594
3573 504
3574 605
3575 474
3576 588
3577 593
3578 504
3579 595
3580 530
3581 537
3582 531
3583 598
3584 538
3585 484
3586 595
3587 593
3588 476
3589 476
