Linux 4.1.15 (jh-linux) 	2016년 02월 25일 	_x86_64_	(8 CPU)

avg-cpu:  %user   %nice %system %iowait  %steal   %idle
           1.05    0.00    0.36    0.46    0.00   98.14

Device:            tps    MB_read/s    MB_wrtn/s    MB_read    MB_wrtn
sda              20.33         0.41         2.23       8586      47162
sda1              0.02         0.00         0.00          2          0
sda2              4.51         0.16         0.08       3486       1780
sda3             15.73         0.24         2.14       5096      45381
sdb               0.02         0.00         0.00          1          0
sdb1              0.00         0.00         0.00          0          0
sdb2              0.00         0.00         0.00          0          0
sdb3              0.00         0.00         0.00          0          0
sdb4              0.00         0.00         0.00          0          0
sdc             140.97         5.31         0.69     112474      14624
sdc1             18.37         0.53         0.06      11205       1280
sdc2             27.12         0.92         0.12      19502       2493
sdc3             43.47         1.71         0.23      36256       4804
sdc4             52.00         2.15         0.29      45508       6045
sdd            1175.74         3.70         7.17      78330     151692
sdd1            123.71         0.40         1.24       8557      26329
sdd2            238.18         0.77         1.61      16280      34016
sdd3            360.64         1.12         1.95      23627      41325
sdd4            453.20         1.41         2.36      29864      50020
sde            1611.23        18.15        48.89     384101    1034801
sde1            211.73         1.86        10.49      39261     222103
sde2            264.53         3.28        11.41      69444     241553
sde3            483.94         5.43        13.11     114989     277374
sde4            651.01         7.58        13.88     160405     293768
sdf              12.79         1.55         0.23      32864       4909
sdf1             12.75         1.55         0.23      32859       4909
sdf2              0.01         0.00         0.00          1          0
sdf3              0.01         0.00         0.00          1          0
sdf4              0.01         0.00         0.00          1          0

avg-cpu:  %user   %nice %system %iowait  %steal   %idle
           5.34    0.00    3.56    0.13    0.00   90.97

Device:            tps    MB_read/s    MB_wrtn/s    MB_read    MB_wrtn
sda               0.00         0.00         0.00          0          0
sda1              0.00         0.00         0.00          0          0
sda2              0.00         0.00         0.00          0          0
sda3              0.00         0.00         0.00          0          0
sdb               0.00         0.00         0.00          0          0
sdb1              0.00         0.00         0.00          0          0
sdb2              0.00         0.00         0.00          0          0
sdb3              0.00         0.00         0.00          0          0
sdb4              0.00         0.00         0.00          0          0
sdc               0.00         0.00         0.00          0          0
sdc1              0.00         0.00         0.00          0          0
sdc2              0.00         0.00         0.00          0          0
sdc3              0.00         0.00         0.00          0          0
sdc4              0.00         0.00         0.00          0          0
sdd           27366.00       107.48       104.89        107        104
sdd1           1089.00         5.55         6.08          5          6
sdd2           4812.00        22.30        20.47         22         20
sdd3          10310.00        40.51        38.16         40         38
sdd4          11155.00        39.11        40.17         39         40
sde               0.00         0.00         0.00          0          0
sde1              0.00         0.00         0.00          0          0
sde2              0.00         0.00         0.00          0          0
sde3              0.00         0.00         0.00          0          0
sde4              0.00         0.00         0.00          0          0
sdf               0.00         0.00         0.00          0          0
sdf1              0.00         0.00         0.00          0          0
sdf2              0.00         0.00         0.00          0          0
sdf3              0.00         0.00         0.00          0          0
sdf4              0.00         0.00         0.00          0          0

avg-cpu:  %user   %nice %system %iowait  %steal   %idle
           6.31    0.00    3.40    0.13    0.00   90.16

Device:            tps    MB_read/s    MB_wrtn/s    MB_read    MB_wrtn
sda               0.00         0.00         0.00          0          0
sda1              0.00         0.00         0.00          0          0
sda2              0.00         0.00         0.00          0          0
sda3              0.00         0.00         0.00          0          0
sdb               0.00         0.00         0.00          0          0
sdb1              0.00         0.00         0.00          0          0
sdb2              0.00         0.00         0.00          0          0
sdb3              0.00         0.00         0.00          0          0
sdb4              0.00         0.00         0.00          0          0
sdc               0.00         0.00         0.00          0          0
sdc1              0.00         0.00         0.00          0          0
sdc2              0.00         0.00         0.00          0          0
sdc3              0.00         0.00         0.00          0          0
sdc4              0.00         0.00         0.00          0          0
sdd           28086.00       102.55       103.42        102        103
sdd1           1806.00         7.83         8.49          7          8
sdd2           3191.00        14.81        14.23         14         14
sdd3           8024.00        29.09        30.27         29         30
sdd4          15065.00        50.82        50.43         50         50
sde               0.00         0.00         0.00          0          0
sde1              0.00         0.00         0.00          0          0
sde2              0.00         0.00         0.00          0          0
sde3              0.00         0.00         0.00          0          0
sde4              0.00         0.00         0.00          0          0
sdf               0.00         0.00         0.00          0          0
sdf1              0.00         0.00         0.00          0          0
sdf2              0.00         0.00         0.00          0          0
sdf3              0.00         0.00         0.00          0          0
sdf4              0.00         0.00         0.00          0          0

avg-cpu:  %user   %nice %system %iowait  %steal   %idle
           5.58    0.00    3.43    3.30    0.00   87.69

Device:            tps    MB_read/s    MB_wrtn/s    MB_read    MB_wrtn
sda               0.00         0.00         0.00          0          0
sda1              0.00         0.00         0.00          0          0
sda2              0.00         0.00         0.00          0          0
sda3              0.00         0.00         0.00          0          0
sdb               0.00         0.00         0.00          0          0
sdb1              0.00         0.00         0.00          0          0
sdb2              0.00         0.00         0.00          0          0
sdb3              0.00         0.00         0.00          0          0
sdb4              0.00         0.00         0.00          0          0
sdc               0.00         0.00         0.00          0          0
sdc1              0.00         0.00         0.00          0          0
sdc2              0.00         0.00         0.00          0          0
sdc3              0.00         0.00         0.00          0          0
sdc4              0.00         0.00         0.00          0          0
sdd           27320.00       102.47        99.96        102         99
sdd1             70.00         0.25         0.19          0          0
sdd2           6161.00        26.73        26.37         26         26
sdd3           9857.00        36.81        35.10         36         35
sdd4          11232.00        38.68        38.30         38         38
sde               0.00         0.00         0.00          0          0
sde1              0.00         0.00         0.00          0          0
sde2              0.00         0.00         0.00          0          0
sde3              0.00         0.00         0.00          0          0
sde4              0.00         0.00         0.00          0          0
sdf               0.00         0.00         0.00          0          0
sdf1              0.00         0.00         0.00          0          0
sdf2              0.00         0.00         0.00          0          0
sdf3              0.00         0.00         0.00          0          0
sdf4              0.00         0.00         0.00          0          0

avg-cpu:  %user   %nice %system %iowait  %steal   %idle
           5.47    0.00    3.44    0.25    0.00   90.84

Device:            tps    MB_read/s    MB_wrtn/s    MB_read    MB_wrtn
sda               0.00         0.00         0.00          0          0
sda1              0.00         0.00         0.00          0          0
sda2              0.00         0.00         0.00          0          0
sda3              0.00         0.00         0.00          0          0
sdb               0.00         0.00         0.00          0          0
sdb1              0.00         0.00         0.00          0          0
sdb2              0.00         0.00         0.00          0          0
sdb3              0.00         0.00         0.00          0          0
sdb4              0.00         0.00         0.00          0          0
sdc               0.00         0.00         0.00          0          0
sdc1              0.00         0.00         0.00          0          0
sdc2              0.00         0.00         0.00          0          0
sdc3              0.00         0.00         0.00          0          0
sdc4              0.00         0.00         0.00          0          0
sdd           28368.00        98.03       101.07         98        101
sdd1              0.00         0.00         0.00          0          0
sdd2           3179.00        13.16        13.81         13         13
sdd3          10735.00        36.90        38.51         36         38
sdd4          14454.00        47.97        48.74         47         48
sde               0.00         0.00         0.00          0          0
sde1              0.00         0.00         0.00          0          0
sde2              0.00         0.00         0.00          0          0
sde3              0.00         0.00         0.00          0          0
sde4              0.00         0.00         0.00          0          0
sdf               0.00         0.00         0.00          0          0
sdf1              0.00         0.00         0.00          0          0
sdf2              0.00         0.00         0.00          0          0
sdf3              0.00         0.00         0.00          0          0
sdf4              0.00         0.00         0.00          0          0

avg-cpu:  %user   %nice %system %iowait  %steal   %idle
           5.94    0.00    3.79    0.25    0.00   90.01

Device:            tps    MB_read/s    MB_wrtn/s    MB_read    MB_wrtn
sda               0.00         0.00         0.00          0          0
sda1              0.00         0.00         0.00          0          0
sda2              0.00         0.00         0.00          0          0
sda3              0.00         0.00         0.00          0          0
sdb               0.00         0.00         0.00          0          0
sdb1              0.00         0.00         0.00          0          0
sdb2              0.00         0.00         0.00          0          0
sdb3              0.00         0.00         0.00          0          0
sdb4              0.00         0.00         0.00          0          0
sdc               0.00         0.00         0.00          0          0
sdc1              0.00         0.00         0.00          0          0
sdc2              0.00         0.00         0.00          0          0
sdc3              0.00         0.00         0.00          0          0
sdc4              0.00         0.00         0.00          0          0
sdd           29345.00       105.52       102.39        105        102
sdd1           2940.00        14.46        13.39         14         13
sdd2           3590.00        14.56        15.23         14         15
sdd3          10402.00        35.02        33.67         35         33
sdd4          12413.00        41.48        40.10         41         40
sde               0.00         0.00         0.00          0          0
sde1              0.00         0.00         0.00          0          0
sde2              0.00         0.00         0.00          0          0
sde3              0.00         0.00         0.00          0          0
sde4              0.00         0.00         0.00          0          0
sdf               0.00         0.00         0.00          0          0
sdf1              0.00         0.00         0.00          0          0
sdf2              0.00         0.00         0.00          0          0
sdf3              0.00         0.00         0.00          0          0
sdf4              0.00         0.00         0.00          0          0

avg-cpu:  %user   %nice %system %iowait  %steal   %idle
           5.84    0.00    3.55    0.25    0.00   90.36

Device:            tps    MB_read/s    MB_wrtn/s    MB_read    MB_wrtn
sda               0.00         0.00         0.00          0          0
sda1              0.00         0.00         0.00          0          0
sda2              0.00         0.00         0.00          0          0
sda3              0.00         0.00         0.00          0          0
sdb               0.00         0.00         0.00          0          0
sdb1              0.00         0.00         0.00          0          0
sdb2              0.00         0.00         0.00          0          0
sdb3              0.00         0.00         0.00          0          0
sdb4              0.00         0.00         0.00          0          0
sdc               0.00         0.00         0.00          0          0
sdc1              0.00         0.00         0.00          0          0
sdc2              0.00         0.00         0.00          0          0
sdc3              0.00         0.00         0.00          0          0
sdc4              0.00         0.00         0.00          0          0
sdd           29307.00       105.59       105.78        105        105
sdd1           3144.00        15.75        14.63         15         14
sdd2           3404.00        15.51        14.49         15         14
sdd3          10872.00        37.58        37.91         37         37
sdd4          11888.00        36.76        38.75         36         38
sde               0.00         0.00         0.00          0          0
sde1              0.00         0.00         0.00          0          0
sde2              0.00         0.00         0.00          0          0
sde3              0.00         0.00         0.00          0          0
sde4              0.00         0.00         0.00          0          0
sdf               2.00         0.00         0.02          0          0
sdf1              2.00         0.00         0.02          0          0
sdf2              0.00         0.00         0.00          0          0
sdf3              0.00         0.00         0.00          0          0
sdf4              0.00         0.00         0.00          0          0

