0.37 0.000000
0.38 0.000005
0.39 0.000019
0.4 0.000039
0.41 0.000078
0.42 0.000161
0.43 0.000349
0.44 0.000974
0.45 0.001932
0.46 0.002996
0.47 0.004652
0.48 0.007535
0.49 0.011328
0.5 0.016696
0.51 0.025324
0.52 0.036075
0.53 0.046055
0.54 0.055562
0.55 0.065161
0.56 0.074657
0.57 0.084086
0.58 0.093359
0.59 0.102158
0.6 0.110668
0.61 0.119133
0.62 0.127731
0.63 0.136608
0.64 0.145785
0.65 0.155290
0.66 0.165079
0.67 0.175020
0.68 0.185104
0.69 0.195396
0.7 0.206059
0.71 0.217269
0.72 0.228943
0.73 0.240999
0.74 0.253326
0.75 0.266011
0.76 0.279129
0.77 0.292796
0.78 0.306855
0.79 0.321172
0.8 0.335720
0.81 0.350391
0.82 0.365237
0.83 0.380341
0.84 0.395514
0.85 0.410706
0.86 0.425894
0.87 0.440860
0.88 0.455721
0.89 0.470312
0.9 0.484676
0.91 0.498651
0.92 0.512268
0.93 0.525485
0.94 0.538331
0.95 0.550829
0.96 0.562938
0.97 0.574539
0.98 0.585624
0.99 0.596289
1.0 0.606566
1.01 0.616587
1.02 0.626381
1.03 0.635899
1.04 0.645086
1.05 0.653890
1.06 0.662387
1.07 0.670682
1.08 0.678826
1.09 0.686780
1.1 0.694498
1.11 0.701919
1.12 0.709086
1.13 0.716028
1.14 0.722798
1.15 0.729351
1.16 0.735635
1.17 0.741552
1.18 0.747101
1.19 0.752293
1.2 0.757200
1.21 0.761892
1.22 0.766421
1.23 0.770759
1.24 0.774952
1.25 0.778970
1.26 0.782863
1.27 0.786657
1.28 0.790396
1.29 0.794097
1.3 0.797715
1.31 0.801274
1.32 0.804741
1.33 0.808176
1.34 0.811622
1.35 0.815008
1.36 0.818380
1.37 0.821692
1.38 0.824931
1.39 0.828100
1.4 0.831242
1.41 0.834364
1.42 0.837443
1.43 0.840490
1.44 0.843446
1.45 0.846336
1.46 0.849191
1.47 0.852010
1.48 0.854819
1.49 0.857569
1.5 0.860241
1.51 0.862848
1.52 0.865368
1.53 0.867852
1.54 0.870297
1.55 0.872679
1.56 0.875002
1.57 0.877258
1.58 0.879402
1.59 0.881497
1.6 0.883547
1.61 0.885568
1.62 0.887527
1.63 0.889432
1.64 0.891256
1.65 0.893001
1.66 0.894716
1.67 0.896407
1.68 0.898064
1.69 0.899686
1.7 0.901260
1.71 0.902773
1.72 0.904250
1.73 0.905707
1.74 0.907155
1.75 0.908587
1.76 0.909974
1.77 0.911327
1.78 0.912648
1.79 0.913962
1.8 0.915273
1.81 0.916570
1.82 0.917856
1.83 0.919124
1.84 0.920346
1.85 0.921558
1.86 0.922738
1.87 0.923896
1.88 0.925051
1.89 0.926194
1.9 0.927317
1.91 0.928402
1.92 0.929460
1.93 0.930506
1.94 0.931547
1.95 0.932577
1.96 0.933574
1.97 0.934553
1.98 0.935493
1.99 0.936415
2.0 0.937317
2.01 0.938203
2.02 0.939069
2.03 0.939901
2.04 0.940714
2.05 0.941503
2.06 0.942267
2.07 0.943016
2.08 0.943744
2.09 0.944463
2.1 0.945137
2.11 0.945786
2.12 0.946430
2.13 0.947052
2.14 0.947672
2.15 0.948268
2.16 0.948839
2.17 0.949395
2.18 0.949924
2.19 0.950442
2.2 0.950952
2.21 0.951458
2.22 0.951952
2.23 0.952433
2.24 0.952907
2.25 0.953375
2.26 0.953828
2.27 0.954284
2.28 0.954732
2.29 0.955175
2.3 0.955599
2.31 0.956022
2.32 0.956438
2.33 0.956853
2.34 0.957261
2.35 0.957672
2.36 0.958074
2.37 0.958473
2.38 0.958862
2.39 0.959254
2.4 0.959641
2.41 0.960024
2.42 0.960406
2.43 0.960782
2.44 0.961157
2.45 0.961524
2.46 0.961892
2.47 0.962258
2.48 0.962629
2.49 0.962985
2.5 0.963334
2.51 0.963687
2.52 0.964032
2.53 0.964375
2.54 0.964710
2.55 0.965033
2.56 0.965366
2.57 0.965692
2.58 0.966002
2.59 0.966313
2.6 0.966612
2.61 0.966903
2.62 0.967189
2.63 0.967462
2.64 0.967723
2.65 0.967975
2.66 0.968221
2.67 0.968472
2.68 0.968711
2.69 0.968936
2.7 0.969160
2.71 0.969381
2.72 0.969604
2.73 0.969815
2.74 0.970028
2.75 0.970235
2.76 0.970440
2.77 0.970637
2.78 0.970834
2.79 0.971033
2.8 0.971229
2.81 0.971423
2.82 0.971616
2.83 0.971808
2.84 0.971996
2.85 0.972182
2.86 0.972372
2.87 0.972557
2.88 0.972748
2.89 0.972935
2.9 0.973126
2.91 0.973312
2.92 0.973496
2.93 0.973680
2.94 0.973872
2.95 0.974059
2.96 0.974247
2.97 0.974431
2.98 0.974619
2.99 0.974811
3.0 0.975007
3.01 0.975205
3.02 0.975401
3.03 0.975595
3.04 0.975787
3.05 0.975978
3.06 0.976174
3.07 0.976368
3.08 0.976556
3.09 0.976745
3.1 0.976930
3.11 0.977110
3.12 0.977289
3.13 0.977459
3.14 0.977627
3.15 0.977793
3.16 0.977952
3.17 0.978112
3.18 0.978271
3.19 0.978429
3.2 0.978579
3.21 0.978726
3.22 0.978865
3.23 0.979014
3.24 0.979153
3.25 0.979292
3.26 0.979428
3.27 0.979554
3.28 0.979679
3.29 0.979804
3.3 0.979930
3.31 0.980052
3.32 0.980169
3.33 0.980288
3.34 0.980402
3.35 0.980517
3.36 0.980633
3.37 0.980749
3.38 0.980866
3.39 0.980982
3.4 0.981095
3.41 0.981207
3.42 0.981322
3.43 0.981438
3.44 0.981552
3.45 0.981669
3.46 0.981786
3.47 0.981903
3.48 0.982024
3.49 0.982149
3.5 0.982271
3.51 0.982397
3.52 0.982522
3.53 0.982650
3.54 0.982777
3.55 0.982907
3.56 0.983037
3.57 0.983169
3.58 0.983303
3.59 0.983433
3.6 0.983561
3.61 0.983691
3.62 0.983820
3.63 0.983945
3.64 0.984067
3.65 0.984192
3.66 0.984320
3.67 0.984442
3.68 0.984563
3.69 0.984680
3.7 0.984802
3.71 0.984923
3.72 0.985048
3.73 0.985168
3.74 0.985284
3.75 0.985402
3.76 0.985518
3.77 0.985628
3.78 0.985736
3.79 0.985846
3.8 0.985955
3.81 0.986061
3.82 0.986168
3.83 0.986273
3.84 0.986382
3.85 0.986485
3.86 0.986593
3.87 0.986699
3.88 0.986802
3.89 0.986907
3.9 0.987012
3.91 0.987112
3.92 0.987217
3.93 0.987319
3.94 0.987416
3.95 0.987514
3.96 0.987615
3.97 0.987712
3.98 0.987810
3.99 0.987908
4.0 0.988003
4.01 0.988097
4.02 0.988192
4.03 0.988288
4.04 0.988384
4.05 0.988478
4.06 0.988573
4.07 0.988668
4.08 0.988762
4.09 0.988858
4.1 0.988949
4.11 0.989048
4.12 0.989146
4.13 0.989240
4.14 0.989338
4.15 0.989436
4.16 0.989538
4.17 0.989639
4.18 0.989740
4.19 0.989839
4.2 0.989938
4.21 0.990039
4.22 0.990134
4.23 0.990232
4.24 0.990331
4.25 0.990427
4.26 0.990523
4.27 0.990618
4.28 0.990710
4.29 0.990800
4.3 0.990892
4.31 0.990979
4.32 0.991058
4.33 0.991139
4.34 0.991217
4.35 0.991289
4.36 0.991358
4.37 0.991426
4.38 0.991488
4.39 0.991550
4.4 0.991606
4.41 0.991660
4.42 0.991717
4.43 0.991767
4.44 0.991817
4.45 0.991866
4.46 0.991915
4.47 0.991964
4.48 0.992008
4.49 0.992055
4.5 0.992102
4.51 0.992145
4.52 0.992190
4.53 0.992234
4.54 0.992278
4.55 0.992323
4.56 0.992367
4.57 0.992413
4.58 0.992456
4.59 0.992502
4.6 0.992546
4.61 0.992592
4.62 0.992638
4.63 0.992683
4.64 0.992728
4.65 0.992775
4.66 0.992820
4.67 0.992866
4.68 0.992914
4.69 0.992962
4.7 0.993011
4.71 0.993060
4.72 0.993111
4.73 0.993162
4.74 0.993218
4.75 0.993272
4.76 0.993327
4.77 0.993386
4.78 0.993448
4.79 0.993512
4.8 0.993577
4.81 0.993642
4.82 0.993716
4.83 0.993791
4.84 0.993865
4.85 0.993944
4.86 0.994022
4.87 0.994106
4.88 0.994190
4.89 0.994280
4.9 0.994366
4.91 0.994451
4.92 0.994540
4.93 0.994628
4.94 0.994718
4.95 0.994803
4.96 0.994886
4.97 0.994967
4.98 0.995046
4.99 0.995126
5.0 0.995200
5.01 0.995268
5.02 0.995335
5.03 0.995398
5.04 0.995455
5.05 0.995509
5.06 0.995556
5.07 0.995599
5.08 0.995636
5.09 0.995669
5.1 0.995702
5.11 0.995732
5.12 0.995760
5.13 0.995789
5.14 0.995815
5.15 0.995839
5.16 0.995862
5.17 0.995885
5.18 0.995908
5.19 0.995930
5.2 0.995952
5.21 0.995976
5.22 0.995997
5.23 0.996021
5.24 0.996045
5.25 0.996069
5.26 0.996094
5.27 0.996120
5.28 0.996145
5.29 0.996174
5.3 0.996203
5.31 0.996232
5.32 0.996263
5.33 0.996295
5.34 0.996330
5.35 0.996367
5.36 0.996405
5.37 0.996445
5.38 0.996484
5.39 0.996524
5.4 0.996566
5.41 0.996607
5.42 0.996652
5.43 0.996698
5.44 0.996741
5.45 0.996789
5.46 0.996836
5.47 0.996881
5.48 0.996926
5.49 0.996973
5.5 0.997020
5.51 0.997065
5.52 0.997106
5.53 0.997146
5.54 0.997185
5.55 0.997221
5.56 0.997254
5.57 0.997281
5.58 0.997305
5.59 0.997328
5.6 0.997346
5.61 0.997365
5.62 0.997381
5.63 0.997394
5.64 0.997406
5.65 0.997416
5.66 0.997423
5.67 0.997430
5.68 0.997436
5.69 0.997440
5.7 0.997445
5.71 0.997449
5.72 0.997453
5.73 0.997457
5.74 0.997460
5.75 0.997462
5.76 0.997465
5.77 0.997468
5.78 0.997470
5.79 0.997472
5.8 0.997474
5.81 0.997476
5.82 0.997477
5.83 0.997478
5.84 0.997479
5.85 0.997479
5.86 0.997480
5.87 0.997481
5.88 0.997482
5.89 0.997483
5.9 0.997483
5.91 0.997484
5.92 0.997485
5.93 0.997485
5.94 0.997485
5.95 0.997486
5.96 0.997486
5.97 0.997486
5.98 0.997487
5.99 0.997487
6.0 0.997487
6.01 0.997487
6.02 0.997487
6.03 0.997487
6.04 0.997487
6.05 0.997488
6.06 0.997488
6.07 0.997488
6.08 0.997488
6.09 0.997488
6.11 0.997488
6.12 0.997488
6.13 0.997488
6.14 0.997488
6.15 0.997488
6.16 0.997489
6.17 0.997489
6.18 0.997489
6.19 0.997489
6.21 0.997489
6.22 0.997489
6.24 0.997489
6.25 0.997489
6.26 0.997490
6.27 0.997490
6.28 0.997490
6.29 0.997490
6.3 0.997490
6.31 0.997491
6.32 0.997491
6.33 0.997491
6.34 0.997491
6.35 0.997491
6.36 0.997491
6.37 0.997492
6.38 0.997492
6.39 0.997492
6.4 0.997492
6.41 0.997492
6.42 0.997492
6.43 0.997493
6.44 0.997493
6.45 0.997493
6.46 0.997494
6.47 0.997494
6.48 0.997494
6.49 0.997495
6.5 0.997495
6.51 0.997495
6.52 0.997495
6.53 0.997496
6.54 0.997496
6.55 0.997496
6.56 0.997496
6.57 0.997497
6.58 0.997497
6.59 0.997498
6.6 0.997498
6.61 0.997498
6.62 0.997498
6.63 0.997499
6.64 0.997499
6.65 0.997499
6.66 0.997500
6.67 0.997500
6.68 0.997501
6.69 0.997501
6.7 0.997502
6.71 0.997502
6.72 0.997503
6.73 0.997503
6.74 0.997503
6.75 0.997504
6.76 0.997504
6.77 0.997505
6.78 0.997505
6.79 0.997506
6.8 0.997506
6.81 0.997507
6.82 0.997507
6.83 0.997508
6.84 0.997508
6.85 0.997509
6.86 0.997510
6.87 0.997511
6.88 0.997512
6.89 0.997513
6.9 0.997515
6.91 0.997516
6.92 0.997518
6.93 0.997520
6.94 0.997522
6.95 0.997524
6.96 0.997526
6.97 0.997528
6.98 0.997530
6.99 0.997532
7.0 0.997533
7.01 0.997535
7.02 0.997536
7.03 0.997537
7.04 0.997539
7.05 0.997540
7.06 0.997543
7.07 0.997545
7.08 0.997547
7.09 0.997549
7.1 0.997551
7.11 0.997553
7.12 0.997556
7.13 0.997558
7.14 0.997561
7.15 0.997564
7.16 0.997566
7.17 0.997569
7.18 0.997571
7.19 0.997574
7.2 0.997576
7.21 0.997578
7.22 0.997581
7.23 0.997583
7.24 0.997586
7.25 0.997589
7.26 0.997593
7.27 0.997596
7.28 0.997599
7.29 0.997603
7.3 0.997606
7.31 0.997609
7.32 0.997613
7.33 0.997616
7.34 0.997620
7.35 0.997624
7.36 0.997627
7.37 0.997631
7.38 0.997635
7.39 0.997639
7.4 0.997643
7.41 0.997647
7.42 0.997652
7.43 0.997655
7.44 0.997660
7.45 0.997664
7.46 0.997670
7.47 0.997676
7.48 0.997681
7.49 0.997686
7.5 0.997691
7.51 0.997697
7.52 0.997703
7.53 0.997709
7.54 0.997715
7.55 0.997721
7.56 0.997728
7.57 0.997735
7.58 0.997741
7.59 0.997747
7.6 0.997754
7.61 0.997760
7.62 0.997767
7.63 0.997775
7.64 0.997782
7.65 0.997789
7.66 0.997797
7.67 0.997804
7.68 0.997812
7.69 0.997821
7.7 0.997830
7.71 0.997838
7.72 0.997846
7.73 0.997854
7.74 0.997863
7.75 0.997871
7.76 0.997879
7.77 0.997887
7.78 0.997896
7.79 0.997904
7.8 0.997913
7.81 0.997921
7.82 0.997931
7.83 0.997941
7.84 0.997950
7.85 0.997959
7.86 0.997969
7.87 0.997980
7.88 0.997991
7.89 0.998002
7.9 0.998011
7.91 0.998021
7.92 0.998030
7.93 0.998039
7.94 0.998048
7.95 0.998057
7.96 0.998067
7.97 0.998077
7.98 0.998086
7.99 0.998096
8.0 0.998106
8.01 0.998117
8.02 0.998127
8.03 0.998138
8.04 0.998149
8.05 0.998159
8.06 0.998170
8.07 0.998181
8.08 0.998192
8.09 0.998202
8.1 0.998213
8.11 0.998223
8.12 0.998233
8.13 0.998243
8.14 0.998253
8.15 0.998261
8.16 0.998271
8.17 0.998280
8.18 0.998290
8.19 0.998300
8.2 0.998309
8.21 0.998319
8.22 0.998327
8.23 0.998336
8.24 0.998346
8.25 0.998355
8.26 0.998365
8.27 0.998374
8.28 0.998384
8.29 0.998393
8.3 0.998404
8.31 0.998413
8.32 0.998424
8.33 0.998434
8.34 0.998446
8.35 0.998456
8.36 0.998467
8.37 0.998477
8.38 0.998487
8.39 0.998497
8.4 0.998506
8.41 0.998515
8.42 0.998525
8.43 0.998534
8.44 0.998542
8.45 0.998552
8.46 0.998561
8.47 0.998570
8.48 0.998579
8.49 0.998590
8.5 0.998600
8.51 0.998611
8.52 0.998621
8.53 0.998632
8.54 0.998642
8.55 0.998652
8.56 0.998661
8.57 0.998671
8.58 0.998681
8.59 0.998691
8.6 0.998699
8.61 0.998709
8.62 0.998719
8.63 0.998730
8.64 0.998740
8.65 0.998750
8.66 0.998761
8.67 0.998770
8.68 0.998781
8.69 0.998793
8.7 0.998804
8.71 0.998815
8.72 0.998826
8.73 0.998838
8.74 0.998850
8.75 0.998862
8.76 0.998873
8.77 0.998884
8.78 0.998896
8.79 0.998908
8.8 0.998920
8.81 0.998931
8.82 0.998942
8.83 0.998954
8.84 0.998965
8.85 0.998975
8.86 0.998987
8.87 0.998998
8.88 0.999009
8.89 0.999020
8.9 0.999032
8.91 0.999044
8.92 0.999056
8.93 0.999068
8.94 0.999080
8.95 0.999092
8.96 0.999105
8.97 0.999116
8.98 0.999129
8.99 0.999141
9.0 0.999153
9.01 0.999164
9.02 0.999175
9.03 0.999186
9.04 0.999197
9.05 0.999208
9.06 0.999220
9.07 0.999231
9.08 0.999242
9.09 0.999254
9.1 0.999266
9.11 0.999277
9.12 0.999289
9.13 0.999302
9.14 0.999312
9.15 0.999325
9.16 0.999337
9.17 0.999349
9.18 0.999360
9.19 0.999371
9.2 0.999383
9.21 0.999395
9.22 0.999407
9.23 0.999418
9.24 0.999430
9.25 0.999439
9.26 0.999450
9.27 0.999460
9.28 0.999471
9.29 0.999481
9.3 0.999491
9.31 0.999501
9.32 0.999512
9.33 0.999522
9.34 0.999532
9.35 0.999542
9.36 0.999552
9.37 0.999560
9.38 0.999571
9.39 0.999580
9.4 0.999588
9.41 0.999597
9.42 0.999605
9.43 0.999612
9.44 0.999620
9.45 0.999628
9.46 0.999636
9.47 0.999644
9.48 0.999651
9.49 0.999658
9.5 0.999666
9.51 0.999674
9.52 0.999681
9.53 0.999687
9.54 0.999693
9.55 0.999700
9.56 0.999706
9.57 0.999712
9.58 0.999718
9.59 0.999723
9.6 0.999729
9.61 0.999735
9.62 0.999740
9.63 0.999745
9.64 0.999750
9.65 0.999755
9.66 0.999759
9.67 0.999763
9.68 0.999767
9.69 0.999772
9.7 0.999776
9.71 0.999780
9.72 0.999785
9.73 0.999788
9.74 0.999792
9.75 0.999795
9.76 0.999798
9.77 0.999801
9.78 0.999805
9.79 0.999808
9.8 0.999811
9.81 0.999813
9.82 0.999816
9.83 0.999819
9.84 0.999822
9.85 0.999825
9.86 0.999828
9.87 0.999830
9.88 0.999833
9.89 0.999836
9.9 0.999838
9.91 0.999840
9.92 0.999843
9.93 0.999845
9.94 0.999847
9.95 0.999849
9.96 0.999851
9.97 0.999853
9.98 0.999855
9.99 0.999857
10.0 0.999859
10.01 0.999860
10.02 0.999862
10.03 0.999864
10.04 0.999866
10.05 0.999868
10.06 0.999869
10.07 0.999871
10.08 0.999873
10.09 0.999874
10.1 0.999876
10.11 0.999877
10.12 0.999879
10.13 0.999880
10.14 0.999882
10.15 0.999883
10.16 0.999884
10.17 0.999886
10.18 0.999887
10.19 0.999889
10.2 0.999890
10.21 0.999891
10.22 0.999892
10.23 0.999894
10.24 0.999895
10.25 0.999896
10.26 0.999897
10.27 0.999899
10.28 0.999900
10.29 0.999901
10.3 0.999902
10.31 0.999903
10.32 0.999904
10.33 0.999905
10.34 0.999906
10.35 0.999908
10.36 0.999909
10.37 0.999910
10.38 0.999911
10.39 0.999912
10.4 0.999913
10.41 0.999914
10.42 0.999915
10.43 0.999916
10.44 0.999916
10.45 0.999917
10.46 0.999918
10.47 0.999919
10.48 0.999920
10.49 0.999921
10.5 0.999922
10.51 0.999923
10.52 0.999923
10.53 0.999924
10.54 0.999925
10.55 0.999926
10.56 0.999927
10.57 0.999928
10.58 0.999929
10.59 0.999930
10.6 0.999930
10.61 0.999931
10.62 0.999932
10.63 0.999933
10.64 0.999933
10.65 0.999934
10.66 0.999934
10.67 0.999935
10.68 0.999936
10.69 0.999936
10.7 0.999937
10.71 0.999938
10.72 0.999938
10.73 0.999939
10.74 0.999940
10.75 0.999941
10.76 0.999941
10.77 0.999942
10.78 0.999943
10.79 0.999943
10.8 0.999944
10.81 0.999945
10.82 0.999945
10.83 0.999946
10.84 0.999947
10.85 0.999947
10.86 0.999948
10.87 0.999948
10.88 0.999949
10.89 0.999950
10.9 0.999950
10.91 0.999950
10.92 0.999951
10.93 0.999952
10.94 0.999952
10.95 0.999953
10.96 0.999954
10.97 0.999954
10.98 0.999955
10.99 0.999955
11.0 0.999956
11.01 0.999956
11.02 0.999957
11.03 0.999957
11.04 0.999958
11.05 0.999958
11.06 0.999959
11.07 0.999959
11.08 0.999959
11.09 0.999960
11.1 0.999960
11.11 0.999961
11.12 0.999961
11.13 0.999961
11.14 0.999962
11.15 0.999963
11.16 0.999963
11.17 0.999963
11.18 0.999964
11.19 0.999964
11.2 0.999965
11.21 0.999965
11.22 0.999965
11.23 0.999966
11.24 0.999967
11.25 0.999967
11.26 0.999967
11.27 0.999968
11.28 0.999968
11.29 0.999968
11.3 0.999968
11.31 0.999969
11.32 0.999969
11.33 0.999970
11.34 0.999970
11.35 0.999971
11.36 0.999971
11.37 0.999971
11.38 0.999972
11.39 0.999972
11.4 0.999973
11.41 0.999973
11.42 0.999973
11.43 0.999973
11.44 0.999974
11.45 0.999974
11.46 0.999975
11.47 0.999975
11.48 0.999975
11.49 0.999976
11.5 0.999976
11.51 0.999976
11.52 0.999977
11.53 0.999977
11.54 0.999977
11.55 0.999978
11.56 0.999978
11.57 0.999978
11.58 0.999979
11.59 0.999979
11.6 0.999979
11.61 0.999979
11.62 0.999980
11.63 0.999980
11.64 0.999981
11.65 0.999981
11.66 0.999981
11.67 0.999981
11.68 0.999981
11.69 0.999982
11.7 0.999982
11.71 0.999982
11.72 0.999983
11.73 0.999983
11.74 0.999983
11.75 0.999984
11.76 0.999984
11.77 0.999984
11.78 0.999984
11.79 0.999984
11.8 0.999985
11.81 0.999985
11.82 0.999985
11.83 0.999985
11.84 0.999985
11.85 0.999986
11.86 0.999986
11.87 0.999986
11.88 0.999986
11.89 0.999986
11.9 0.999986
11.91 0.999986
11.92 0.999986
11.93 0.999987
11.94 0.999987
11.95 0.999987
11.96 0.999987
11.97 0.999988
11.98 0.999988
11.99 0.999988
12.0 0.999988
12.01 0.999988
12.02 0.999988
12.03 0.999988
12.04 0.999989
12.05 0.999989
12.06 0.999989
12.07 0.999989
12.08 0.999989
12.09 0.999989
12.1 0.999990
12.11 0.999990
12.12 0.999990
12.13 0.999990
12.14 0.999990
12.15 0.999990
12.16 0.999990
12.17 0.999991
12.18 0.999991
12.19 0.999991
12.2 0.999991
12.21 0.999992
12.22 0.999992
12.23 0.999992
12.24 0.999992
12.25 0.999992
12.26 0.999992
12.27 0.999992
12.28 0.999993
12.29 0.999993
12.3 0.999993
12.31 0.999993
12.32 0.999993
12.33 0.999993
12.34 0.999994
12.35 0.999994
12.36 0.999994
12.37 0.999994
12.38 0.999994
12.39 0.999994
12.4 0.999994
12.41 0.999995
12.42 0.999995
12.43 0.999995
12.44 0.999995
12.45 0.999995
12.46 0.999995
12.47 0.999995
12.48 0.999995
12.49 0.999996
12.5 0.999996
12.51 0.999996
12.53 0.999996
12.54 0.999996
12.55 0.999996
12.56 0.999996
12.57 0.999996
12.59 0.999997
12.6 0.999997
12.61 0.999997
12.62 0.999997
12.63 0.999997
12.64 0.999997
12.65 0.999997
12.67 0.999997
12.69 0.999997
12.7 0.999997
12.72 0.999997
12.73 0.999997
12.74 0.999998
12.76 0.999998
12.77 0.999998
12.78 0.999998
12.79 0.999998
12.8 0.999998
12.81 0.999998
12.82 0.999998
12.83 0.999998
12.84 0.999998
12.86 0.999998
12.87 0.999998
12.88 0.999998
12.9 0.999999
12.91 0.999999
12.92 0.999999
12.93 0.999999
12.94 0.999999
12.95 0.999999
12.96 0.999999
12.97 0.999999
12.98 0.999999
12.99 1.000000
13.01 1.000000
13.02 1.000000
13.05 1.000000
13.09 1.000000
13.12 1.000000
13.13 1.000000
13.14 1.000000
13.25 1.000000
