[cdf]read---
170	4	0.000000
180	1	0.000000
190	4	0.000000
200	2	0.000000
220	2	0.000001
230	5	0.000001
240	6	0.000001
250	7	0.000001
260	16	0.000002
270	4	0.000002
280	7	0.000002
290	7	0.000003
300	5	0.000003
310	12	0.000003
320	8	0.000004
330	9	0.000004
340	2	0.000004
350	3	0.000004
360	8	0.000004
370	6	0.000005
380	9	0.000005
390	15	0.000006
400	10	0.000006
410	16	0.000007
420	15	0.000007
430	10	0.000008
440	13	0.000008
450	17	0.000009
460	21	0.000010
470	24	0.000011
480	17	0.000011
490	20	0.000012
500	16	0.000013
510	22	0.000014
520	19	0.000015
530	27	0.000016
540	20	0.000016
550	11	0.000017
560	25	0.000018
570	24	0.000019
580	30	0.000020
590	34	0.000021
600	15	0.000022
610	27	0.000023
620	39	0.000025
630	41	0.000026
640	31	0.000028
650	43	0.000029
660	34	0.000031
670	53	0.000033
680	58	0.000035
690	83	0.000038
700	76	0.000041
710	69	0.000044
720	116	0.000049
730	117	0.000054
740	125	0.000059
750	145	0.000064
760	146	0.000070
770	182	0.000078
780	177	0.000085
790	174	0.000092
800	204	0.000100
810	188	0.000107
820	252	0.000118
830	247	0.000127
840	273	0.000138
850	273	0.000149
860	330	0.000163
870	338	0.000176
880	369	0.000191
890	380	0.000206
900	473	0.000225
910	541	0.000247
920	602	0.000271
930	876	0.000306
940	1617	0.000371
950	3309	0.000504
960	6205	0.000753
970	11269	0.001206
980	19967	0.002007
990	31175	0.003259
1000	39784	0.004856
1010	46107	0.006707
1020	56160	0.008961
1030	71259	0.011822
1040	84617	0.015219
1050	91590	0.018896
1060	102427	0.023008
1070	123406	0.027962
1080	147191	0.033871
1090	163474	0.040433
1100	177698	0.047567
1110	199330	0.055569
1120	231385	0.064858
1130	258478	0.075234
1140	272248	0.086163
1150	283036	0.097526
1160	299609	0.109553
1170	315399	0.122215
1180	319327	0.135034
1190	314421	0.147657
1200	313141	0.160227
1210	314997	0.172873
1220	310557	0.185340
1230	298631	0.197328
1240	289781	0.208962
1250	285213	0.220411
1260	280013	0.231652
1270	270375	0.242506
1280	265130	0.253150
1290	261121	0.263633
1300	258492	0.274010
1310	251771	0.284117
1320	250089	0.294157
1330	251396	0.304249
1340	248794	0.314237
1350	243406	0.324008
1360	243371	0.333778
1370	246279	0.343665
1380	244299	0.353472
1390	239031	0.363068
1400	235625	0.372527
1410	239555	0.382144
1420	242238	0.391868
1430	233518	0.401243
1440	227968	0.410394
1450	229045	0.419589
1460	233373	0.428958
1470	228253	0.438121
1480	218228	0.446882
1490	216505	0.455573
1500	220965	0.464444
1510	218682	0.473223
1520	209380	0.481628
1530	202301	0.489750
1540	205757	0.498010
1550	206225	0.506288
1560	199161	0.514284
1570	191186	0.521959
1580	189871	0.529581
1590	192824	0.537322
1600	188497	0.544889
1610	181415	0.552172
1620	178058	0.559320
1630	178532	0.566487
1640	177615	0.573617
1650	173135	0.580568
1660	168931	0.587349
1670	167784	0.594085
1680	167123	0.600794
1690	162897	0.607333
1700	160383	0.613772
1710	159154	0.620161
1720	157551	0.626486
1730	153386	0.632644
1740	150596	0.638689
1750	150557	0.644733
1760	148966	0.650713
1770	144249	0.656504
1780	141635	0.662190
1790	141548	0.667872
1800	140256	0.673503
1810	136645	0.678989
1820	131564	0.684270
1830	132350	0.689583
1840	133201	0.694931
1850	128726	0.700098
1860	123610	0.705060
1870	122679	0.709985
1880	123377	0.714938
1890	121977	0.719835
1900	116355	0.724506
1910	113659	0.729069
1920	114338	0.733659
1930	114279	0.738247
1940	110420	0.742679
1950	106872	0.746970
1960	106321	0.751238
1970	106592	0.755517
1980	104137	0.759698
1990	101020	0.763753
2000	99654	0.767753
2010	99702	0.771756
2020	97977	0.775689
2030	95087	0.779507
2040	92724	0.783229
2050	93022	0.786963
2060	92401	0.790673
2070	89613	0.794270
2080	87741	0.797792
2090	87132	0.801290
2100	86265	0.804753
2110	84358	0.808140
2120	82370	0.811446
2130	82315	0.814751
2140	81092	0.818006
2150	78609	0.821162
2160	77365	0.824268
2170	76797	0.827351
2180	76349	0.830416
2190	74381	0.833402
2200	72576	0.836315
2210	72043	0.839208
2220	72225	0.842107
2230	70100	0.844921
2240	67981	0.847650
2250	66895	0.850336
2260	67308	0.853038
2270	66091	0.855691
2280	63785	0.858252
2290	61983	0.860740
2300	62681	0.863256
2310	62656	0.865771
2320	60020	0.868181
2330	59049	0.870551
2340	58182	0.872887
2350	58270	0.875226
2360	57125	0.877520
2370	55240	0.879737
2380	54950	0.881943
2390	54054	0.884113
2400	53460	0.886259
2410	52150	0.888353
2420	51214	0.890409
2430	50732	0.892445
2440	50117	0.894457
2450	48777	0.896415
2460	48324	0.898355
2470	47645	0.900268
2480	47076	0.902158
2490	46022	0.904005
2500	45224	0.905821
2510	44898	0.907623
2520	44055	0.909392
2530	43309	0.911131
2540	42285	0.912828
2550	42167	0.914521
2560	41183	0.916174
2570	40117	0.917785
2580	39401	0.919366
2590	39225	0.920941
2600	38756	0.922497
2610	38125	0.924027
2620	36834	0.925506
2630	36692	0.926979
2640	36338	0.928438
2650	35349	0.929857
2660	34553	0.931244
2670	34118	0.932614
2680	33971	0.933977
2690	33492	0.935322
2700	32466	0.936625
2710	31768	0.937901
2720	31422	0.939162
2730	31123	0.940411
2740	30662	0.941642
2750	29939	0.942844
2760	29390	0.944024
2770	29162	0.945195
2780	28641	0.946344
2790	27950	0.947467
2800	27654	0.948577
2810	27111	0.949665
2820	26751	0.950739
2830	26165	0.951789
2840	26023	0.952834
2850	25557	0.953860
2860	24860	0.954858
2870	24279	0.955833
2880	23888	0.956792
2890	23498	0.957735
2900	23331	0.958672
2910	22476	0.959574
2920	22028	0.960458
2930	21895	0.961337
2940	21655	0.962207
2950	21040	0.963051
2960	20928	0.963891
2970	20477	0.964713
2980	19690	0.965504
2990	19827	0.966300
3000	19503	0.967083
3010	18933	0.967843
3020	18594	0.968589
3030	18350	0.969326
3040	17821	0.970041
3050	17515	0.970744
3060	17521	0.971448
3070	17117	0.972135
3080	16630	0.972803
3090	16157	0.973451
3100	16022	0.974094
3110	15618	0.974721
3120	15397	0.975339
3130	15074	0.975945
3140	14598	0.976531
3150	14643	0.977118
3160	14130	0.977686
3170	13929	0.978245
3180	13663	0.978793
3190	13403	0.979331
3200	13065	0.979856
3210	12664	0.980364
3220	12505	0.980866
3230	12197	0.981356
3240	12063	0.981840
3250	11757	0.982312
3260	11490	0.982773
3270	11359	0.983229
3280	11172	0.983678
3290	10913	0.984116
3300	10525	0.984539
3310	10146	0.984946
3320	10142	0.985353
3330	9902	0.985750
3340	9649	0.986138
3350	9576	0.986522
3360	9088	0.986887
3370	9072	0.987251
3380	8944	0.987610
3390	8559	0.987954
3400	8458	0.988294
3410	8075	0.988618
3420	7969	0.988938
3430	7847	0.989253
3440	7628	0.989559
3450	7511	0.989860
3460	7300	0.990153
3470	7087	0.990438
3480	7007	0.990719
3490	6593	0.990984
3500	6681	0.991252
3510	6324	0.991506
3520	6303	0.991759
3530	6030	0.992001
3540	6002	0.992242
3550	5795	0.992475
3560	5730	0.992705
3570	5466	0.992924
3580	5392	0.993141
3590	5206	0.993350
3600	5112	0.993555
3610	4872	0.993750
3620	4825	0.993944
3630	4718	0.994133
3640	4595	0.994318
3650	4407	0.994495
3660	4198	0.994663
3670	4064	0.994826
3680	4000	0.994987
3690	3908	0.995144
3700	3921	0.995301
3710	3727	0.995451
3720	3499	0.995591
3730	3525	0.995733
3740	3311	0.995866
3750	3245	0.995996
3760	3162	0.996123
3770	3133	0.996249
3780	2908	0.996366
3790	2877	0.996481
3800	2779	0.996593
3810	2768	0.996704
3820	2635	0.996810
3830	2535	0.996911
3840	2399	0.997008
3850	2358	0.997102
3860	2291	0.997194
3870	2161	0.997281
3880	2083	0.997365
3890	2057	0.997447
3900	1957	0.997526
3910	1852	0.997600
3920	1876	0.997675
3930	1750	0.997746
3940	1742	0.997816
3950	1595	0.997880
3960	1569	0.997943
3970	1548	0.998005
3980	1481	0.998064
3990	1432	0.998122
4000	1337	0.998175
4010	1316	0.998228
4020	1235	0.998278
4030	1206	0.998326
4040	1217	0.998375
4050	1118	0.998420
4060	1093	0.998464
4070	1013	0.998505
4080	1039	0.998546
4090	978	0.998585
4100	879	0.998621
4110	872	0.998656
4120	810	0.998688
4130	804	0.998721
4140	764	0.998751
4150	781	0.998783
4160	703	0.998811
4170	738	0.998840
4180	676	0.998868
4190	639	0.998893
4200	629	0.998919
4210	598	0.998942
4220	556	0.998965
4230	550	0.998987
4240	587	0.999011
4250	502	0.999031
4260	500	0.999051
4270	468	0.999069
4280	435	0.999087
4290	391	0.999103
4300	398	0.999119
4310	373	0.999134
4320	394	0.999149
4330	362	0.999164
4340	327	0.999177
4350	308	0.999189
4360	317	0.999202
4370	275	0.999213
4380	319	0.999226
4390	293	0.999238
4400	252	0.999248
4410	227	0.999257
4420	230	0.999266
4430	246	0.999276
4440	213	0.999285
4450	215	0.999293
4460	210	0.999302
4470	188	0.999309
4480	209	0.999318
4490	179	0.999325
4500	187	0.999332
4510	184	0.999340
4520	176	0.999347
4530	178	0.999354
4540	149	0.999360
4550	180	0.999367
4560	124	0.999372
4570	134	0.999377
4580	131	0.999383
4590	136	0.999388
4600	139	0.999394
4610	122	0.999399
4620	112	0.999403
4630	113	0.999408
4640	143	0.999413
4650	138	0.999419
4660	106	0.999423
4670	110	0.999428
4680	104	0.999432
4690	109	0.999436
4700	84	0.999440
4710	104	0.999444
4720	125	0.999449
4730	87	0.999452
4740	102	0.999456
4750	106	0.999461
4760	94	0.999464
4770	106	0.999469
4780	88	0.999472
4790	88	0.999476
4800	76	0.999479
4810	84	0.999482
4820	88	0.999486
4830	90	0.999489
4840	79	0.999492
4850	70	0.999495
4860	78	0.999498
4870	81	0.999502
4880	92	0.999505
4890	73	0.999508
4900	76	0.999511
4910	77	0.999514
4920	89	0.999518
4930	81	0.999521
4940	80	0.999525
4950	66	0.999527
4960	71	0.999530
4970	63	0.999533
4980	72	0.999535
4990	64	0.999538
5000	74	0.999541
5010	88	0.999544
5020	72	0.999547
5030	54	0.999550
5040	68	0.999552
5050	79	0.999555
5060	71	0.999558
5070	63	0.999561
5080	57	0.999563
5090	78	0.999566
5100	69	0.999569
5110	64	0.999572
5120	72	0.999574
5130	93	0.999578
5140	71	0.999581
5150	73	0.999584
5160	84	0.999587
5170	77	0.999590
5180	71	0.999593
5190	60	0.999596
5200	71	0.999599
5210	59	0.999601
5220	75	0.999604
5230	63	0.999606
5240	57	0.999609
5250	71	0.999612
5260	71	0.999614
5270	54	0.999617
5280	53	0.999619
5290	75	0.999622
5300	61	0.999624
5310	57	0.999627
5320	69	0.999629
5330	60	0.999632
5340	57	0.999634
5350	49	0.999636
5360	73	0.999639
5370	76	0.999642
5380	57	0.999644
5390	56	0.999646
5400	62	0.999649
5410	52	0.999651
5420	54	0.999653
5430	80	0.999656
5440	64	0.999659
5450	52	0.999661
5460	61	0.999664
5470	61	0.999666
5480	52	0.999668
5490	47	0.999670
5500	55	0.999672
5510	57	0.999674
5520	55	0.999677
5530	54	0.999679
5540	48	0.999681
5550	42	0.999682
5560	45	0.999684
5570	56	0.999686
5580	52	0.999689
5590	45	0.999690
5600	46	0.999692
5610	52	0.999694
5620	48	0.999696
5630	46	0.999698
5640	36	0.999700
5650	38	0.999701
5660	50	0.999703
5670	43	0.999705
5680	54	0.999707
5690	42	0.999709
5700	42	0.999710
5710	44	0.999712
5720	44	0.999714
5730	42	0.999716
5740	46	0.999717
5750	41	0.999719
5760	41	0.999721
5770	36	0.999722
5780	25	0.999723
5790	49	0.999725
5800	28	0.999726
5810	37	0.999728
5820	42	0.999729
5830	38	0.999731
5840	23	0.999732
5850	42	0.999734
5860	38	0.999735
5870	27	0.999736
5880	35	0.999738
5890	35	0.999739
5900	29	0.999740
5910	40	0.999742
5920	31	0.999743
5930	27	0.999744
5940	33	0.999745
5950	33	0.999747
5960	38	0.999748
5970	26	0.999749
5980	29	0.999750
5990	43	0.999752
6000	38	0.999754
6010	23	0.999755
6020	19	0.999755
6030	32	0.999757
6040	38	0.999758
6050	29	0.999759
6060	18	0.999760
6070	26	0.999761
6080	36	0.999762
6090	23	0.999763
6100	31	0.999765
6110	33	0.999766
6120	26	0.999767
6130	30	0.999768
6140	18	0.999769
6150	28	0.999770
6160	29	0.999771
6170	22	0.999772
6180	24	0.999773
6190	28	0.999774
6200	20	0.999775
6210	29	0.999776
6220	26	0.999777
6230	25	0.999778
6240	29	0.999779
6250	22	0.999780
6260	22	0.999781
6270	27	0.999782
6280	15	0.999783
6290	23	0.999784
6300	23	0.999785
6310	14	0.999785
6320	23	0.999786
6330	28	0.999787
6340	15	0.999788
6350	24	0.999789
6360	16	0.999790
6370	24	0.999791
6380	12	0.999791
6390	14	0.999792
6400	22	0.999792
6410	20	0.999793
6420	22	0.999794
6430	18	0.999795
6440	24	0.999796
6450	18	0.999797
6460	15	0.999797
6470	13	0.999798
6480	17	0.999798
6490	11	0.999799
6500	15	0.999799
6510	12	0.999800
6520	9	0.999800
6530	14	0.999801
6540	10	0.999801
6550	12	0.999802
6560	13	0.999802
6570	9	0.999803
6580	10	0.999803
6590	9	0.999803
6600	9	0.999804
6610	8	0.999804
6620	6	0.999804
6630	9	0.999805
6640	3	0.999805
6650	15	0.999805
6660	4	0.999806
6670	10	0.999806
6680	6	0.999806
6690	3	0.999806
6700	9	0.999807
6710	7	0.999807
6720	5	0.999807
6730	11	0.999808
6740	9	0.999808
6750	7	0.999808
6760	2	0.999808
6770	3	0.999808
6780	2	0.999808
6790	5	0.999809
6800	6	0.999809
6810	6	0.999809
6820	3	0.999809
6830	8	0.999810
6840	6	0.999810
6850	4	0.999810
6860	5	0.999810
6880	3	0.999810
6890	1	0.999810
6900	2	0.999810
6910	2	0.999811
6920	2	0.999811
6930	1	0.999811
6940	2	0.999811
6950	2	0.999811
6960	2	0.999811
6970	2	0.999811
6990	1	0.999811
7010	1	0.999811
7020	1	0.999811
7040	2	0.999811
7050	3	0.999811
7070	1	0.999811
7160	1	0.999811
7250	1	0.999811
7300	1	0.999811
7320	1	0.999811
7340	1	0.999811
7440	1	0.999812
7470	1	0.999812
7480	1	0.999812
7490	1	0.999812
7500	2	0.999812
7530	1	0.999812
7550	1	0.999812
7560	2	0.999812
7580	2	0.999812
7590	4	0.999812
7600	1	0.999812
7610	2	0.999812
7620	1	0.999812
7630	1	0.999812
7640	1	0.999812
7660	1	0.999812
7680	1	0.999812
7690	1	0.999813
7710	5	0.999813
7720	1	0.999813
7730	3	0.999813
7740	1	0.999813
7750	2	0.999813
7760	1	0.999813
7770	1	0.999813
7780	1	0.999813
7800	1	0.999813
7820	1	0.999813
7830	3	0.999813
7840	4	0.999813
7850	2	0.999814
7870	6	0.999814
7880	1	0.999814
7890	2	0.999814
7910	1	0.999814
7920	7	0.999814
7940	2	0.999814
7950	2	0.999814
7970	2	0.999815
7980	3	0.999815
7990	3	0.999815
8000	3	0.999815
8010	2	0.999815
8020	2	0.999815
8030	6	0.999815
8040	6	0.999816
8050	4	0.999816
8060	8	0.999816
8070	4	0.999816
8080	5	0.999816
8090	3	0.999816
8100	7	0.999817
8110	4	0.999817
8120	1	0.999817
8130	4	0.999817
8140	2	0.999817
8150	5	0.999817
8160	3	0.999817
8170	5	0.999818
8180	4	0.999818
8190	3	0.999818
8200	3	0.999818
8210	3	0.999818
8220	5	0.999818
8230	2	0.999819
8240	7	0.999819
8250	6	0.999819
8260	8	0.999819
8270	7	0.999820
8280	5	0.999820
8290	3	0.999820
8300	6	0.999820
8310	12	0.999821
8320	13	0.999821
8330	8	0.999822
8340	9	0.999822
8350	5	0.999822
8360	8	0.999822
8370	7	0.999823
8380	14	0.999823
8390	8	0.999824
8400	7	0.999824
8410	11	0.999824
8420	8	0.999825
8430	7	0.999825
8440	11	0.999825
8450	19	0.999826
8460	10	0.999826
8470	13	0.999827
8480	16	0.999828
8490	9	0.999828
8500	21	0.999829
8510	15	0.999829
8520	18	0.999830
8530	31	0.999831
8540	18	0.999832
8550	23	0.999833
8560	31	0.999834
8570	33	0.999836
8580	28	0.999837
8590	27	0.999838
8600	28	0.999839
8610	38	0.999841
8620	35	0.999842
8630	32	0.999843
8640	30	0.999844
8650	27	0.999846
8660	37	0.999847
8670	35	0.999848
8680	29	0.999850
8690	44	0.999851
8700	42	0.999853
8710	36	0.999854
8720	26	0.999855
8730	29	0.999857
8740	37	0.999858
8750	38	0.999860
8760	33	0.999861
8770	44	0.999863
8780	25	0.999864
8790	33	0.999865
8800	21	0.999866
8810	26	0.999867
8820	33	0.999868
8830	23	0.999869
8840	34	0.999871
8850	22	0.999871
8860	31	0.999873
8870	34	0.999874
8880	25	0.999875
8890	26	0.999876
8900	21	0.999877
8910	42	0.999879
8920	30	0.999880
8930	34	0.999881
8940	34	0.999883
8950	32	0.999884
8960	27	0.999885
8970	24	0.999886
8980	34	0.999887
8990	29	0.999888
9000	22	0.999889
9010	25	0.999890
9020	20	0.999891
9030	21	0.999892
9040	18	0.999893
9050	21	0.999894
9060	26	0.999895
9070	18	0.999895
9080	25	0.999896
9090	31	0.999898
9100	22	0.999898
9110	16	0.999899
9120	23	0.999900
9130	21	0.999901
9140	18	0.999902
9150	21	0.999902
9160	18	0.999903
9170	18	0.999904
9180	18	0.999905
9190	13	0.999905
9200	26	0.999906
9210	16	0.999907
9220	14	0.999907
9230	15	0.999908
9240	23	0.999909
9250	23	0.999910
9260	22	0.999911
9270	16	0.999911
9280	24	0.999912
9290	19	0.999913
9300	24	0.999914
9310	12	0.999914
9320	11	0.999915
9330	15	0.999916
9340	19	0.999916
9350	19	0.999917
9360	20	0.999918
9370	22	0.999919
9380	7	0.999919
9390	16	0.999920
9400	20	0.999920
9410	14	0.999921
9420	25	0.999922
9430	15	0.999923
9440	13	0.999923
9450	14	0.999924
9460	20	0.999925
9470	16	0.999925
9480	10	0.999926
9490	20	0.999926
9500	18	0.999927
9510	16	0.999928
9520	21	0.999929
9530	13	0.999929
9540	12	0.999930
9550	13	0.999930
9560	21	0.999931
9570	12	0.999931
9580	24	0.999932
9590	7	0.999933
9600	23	0.999934
9610	22	0.999934
9620	15	0.999935
9630	19	0.999936
9640	16	0.999937
9650	18	0.999937
9660	21	0.999938
9670	9	0.999938
9680	17	0.999939
9690	18	0.999940
9700	15	0.999940
9710	16	0.999941
9720	12	0.999942
9730	16	0.999942
9740	21	0.999943
9750	21	0.999944
9760	18	0.999945
9770	12	0.999945
9780	16	0.999946
9790	17	0.999946
9800	20	0.999947
9810	21	0.999948
9820	15	0.999949
9830	19	0.999949
9840	16	0.999950
9850	18	0.999951
9860	10	0.999951
9870	19	0.999952
9880	17	0.999953
9890	13	0.999953
9900	17	0.999954
9910	16	0.999954
9920	10	0.999955
9930	18	0.999956
9940	19	0.999956
9950	18	0.999957
9960	17	0.999958
9970	10	0.999958
9980	19	0.999959
9990	18	0.999960
10000	14	0.999960
10010	18	0.999961
10020	17	0.999962
10030	13	0.999962
10040	13	0.999963
10050	8	0.999963
10060	11	0.999963
10070	16	0.999964
10080	12	0.999965
10090	14	0.999965
10100	14	0.999966
10110	17	0.999966
10120	12	0.999967
10130	15	0.999967
10140	18	0.999968
10150	6	0.999968
10160	14	0.999969
10170	14	0.999969
10180	14	0.999970
10190	14	0.999971
10200	8	0.999971
10210	10	0.999971
10220	4	0.999972
10230	10	0.999972
10240	12	0.999972
10250	9	0.999973
10260	15	0.999973
10270	9	0.999974
10280	7	0.999974
10290	13	0.999975
10300	12	0.999975
10310	13	0.999976
10320	5	0.999976
10330	7	0.999976
10340	12	0.999977
10350	9	0.999977
10360	6	0.999977
10370	8	0.999977
10380	10	0.999978
10390	11	0.999978
10400	14	0.999979
10410	13	0.999979
10420	7	0.999980
10430	3	0.999980
10440	2	0.999980
10450	11	0.999980
10460	6	0.999981
10470	10	0.999981
10480	11	0.999981
10490	11	0.999982
10500	7	0.999982
10510	4	0.999982
10520	14	0.999983
10530	9	0.999983
10540	5	0.999983
10550	6	0.999984
10560	8	0.999984
10570	6	0.999984
10580	3	0.999984
10590	3	0.999984
10600	9	0.999985
10610	8	0.999985
10620	5	0.999985
10630	9	0.999986
10640	5	0.999986
10650	5	0.999986
10660	4	0.999986
10670	14	0.999987
10680	6	0.999987
10690	4	0.999987
10700	8	0.999987
10710	5	0.999988
10720	3	0.999988
10730	6	0.999988
10740	3	0.999988
10750	2	0.999988
10760	4	0.999988
10770	10	0.999989
10780	5	0.999989
10790	4	0.999989
10800	6	0.999989
10810	5	0.999990
10820	2	0.999990
10830	3	0.999990
10840	5	0.999990
10850	3	0.999990
10860	6	0.999990
10870	4	0.999991
10880	3	0.999991
10890	2	0.999991
10900	3	0.999991
10910	1	0.999991
10920	5	0.999991
10930	6	0.999991
10940	2	0.999991
10950	2	0.999991
10960	5	0.999992
10980	1	0.999992
10990	2	0.999992
11000	2	0.999992
11010	2	0.999992
11020	1	0.999992
11030	2	0.999992
11040	2	0.999992
11060	2	0.999992
11070	6	0.999993
11080	1	0.999993
11090	3	0.999993
11100	3	0.999993
11110	1	0.999993
11120	1	0.999993
11130	2	0.999993
11140	1	0.999993
11150	4	0.999993
11160	4	0.999993
11180	1	0.999993
11190	3	0.999994
11220	1	0.999994
11230	2	0.999994
11240	3	0.999994
11250	4	0.999994
11260	1	0.999994
11270	4	0.999994
11280	4	0.999994
11300	3	0.999994
11310	1	0.999994
11320	4	0.999995
11330	4	0.999995
11340	3	0.999995
11350	2	0.999995
11360	1	0.999995
11380	3	0.999995
11390	2	0.999995
11400	2	0.999995
11420	1	0.999995
11440	1	0.999995
11470	1	0.999995
11480	1	0.999995
11490	3	0.999996
11500	1	0.999996
11510	2	0.999996
11520	1	0.999996
11540	3	0.999996
11550	1	0.999996
11560	1	0.999996
11580	1	0.999996
11600	3	0.999996
11610	2	0.999996
11640	1	0.999996
11650	3	0.999996
11660	5	0.999996
11670	3	0.999997
11680	2	0.999997
11690	1	0.999997
11700	1	0.999997
11710	3	0.999997
11720	1	0.999997
11730	1	0.999997
11760	2	0.999997
11790	1	0.999997
11810	2	0.999997
11820	1	0.999997
11830	2	0.999997
11840	1	0.999997
11850	1	0.999997
11860	2	0.999997
11870	1	0.999997
11890	1	0.999998
11900	1	0.999998
11910	1	0.999998
11920	1	0.999998
11940	1	0.999998
11980	1	0.999998
12030	1	0.999998
12050	1	0.999998
12070	2	0.999998
12080	1	0.999998
12120	3	0.999998
12180	2	0.999998
12210	2	0.999998
12230	1	0.999998
12250	1	0.999998
12260	1	0.999998
12280	1	0.999998
12300	2	0.999998
12310	1	0.999999
12330	1	0.999999
12340	3	0.999999
12350	2	0.999999
12370	1	0.999999
12390	2	0.999999
12400	1	0.999999
12410	1	0.999999
12440	1	0.999999
12450	1	0.999999
12470	1	0.999999
12720	2	0.999999
12740	1	0.999999
12810	1	0.999999
12830	2	0.999999
12870	1	0.999999
12920	2	0.999999
12930	1	1.000000
13010	2	1.000000
13230	2	1.000000
13310	1	1.000000
13350	3	1.000000
13520	1	1.000000
13730	1	1.000000
13890	1	1.000000
14130	1	1.000000
14370	1	1.000000
