[cdf]write---
450	3	0.000000
470	11	0.000001
480	10	0.000001
490	12	0.000001
500	4	0.000002
510	7	0.000002
520	4	0.000002
530	9	0.000002
540	8	0.000003
550	10	0.000003
560	6	0.000003
570	7	0.000004
580	6	0.000004
590	4	0.000004
600	8	0.000004
610	6	0.000005
620	8	0.000005
630	6	0.000005
640	5	0.000005
650	6	0.000006
660	8	0.000006
670	6	0.000006
680	3	0.000006
690	8	0.000007
700	9	0.000007
710	8	0.000007
720	5	0.000007
730	6	0.000008
740	8	0.000008
750	7	0.000008
760	8	0.000009
770	11	0.000009
780	9	0.000009
790	10	0.000010
800	15	0.000010
810	14	0.000011
820	20	0.000012
830	12	0.000012
840	21	0.000013
850	29	0.000014
860	26	0.000015
870	33	0.000017
880	27	0.000018
890	34	0.000019
900	28	0.000020
910	41	0.000022
920	51	0.000024
930	51	0.000026
940	48	0.000028
950	69	0.000031
960	55	0.000033
970	62	0.000035
980	70	0.000038
990	69	0.000041
1000	80	0.000044
1010	119	0.000049
1020	116	0.000053
1030	120	0.000058
1040	164	0.000065
1050	174	0.000072
1060	156	0.000078
1070	254	0.000088
1080	214	0.000097
1090	274	0.000108
1100	330	0.000121
1110	355	0.000135
1120	410	0.000151
1130	416	0.000168
1140	470	0.000187
1150	452	0.000205
1160	482	0.000224
1170	529	0.000245
1180	578	0.000269
1190	672	0.000295
1200	611	0.000320
1210	650	0.000346
1220	716	0.000374
1230	723	0.000403
1240	785	0.000435
1250	825	0.000468
1260	864	0.000502
1270	979	0.000541
1280	1003	0.000582
1290	1107	0.000626
1300	1206	0.000674
1310	1325	0.000727
1320	1441	0.000785
1330	1694	0.000852
1340	1958	0.000931
1350	2445	0.001029
1360	3138	0.001154
1370	4058	0.001316
1380	5823	0.001549
1390	7605	0.001853
1400	10177	0.002260
1410	12606	0.002765
1420	15515	0.003385
1430	18875	0.004140
1440	22236	0.005029
1450	25708	0.006057
1460	29395	0.007233
1470	33664	0.008579
1480	38723	0.010128
1490	44478	0.011907
1500	53473	0.014045
1510	65415	0.016662
1520	82289	0.019953
1530	104492	0.024132
1540	134655	0.029517
1550	167915	0.036233
1560	197967	0.044150
1570	218152	0.052875
1580	227097	0.061957
1590	226217	0.071004
1600	222962	0.079921
1610	219855	0.088714
1620	215859	0.097347
1630	209380	0.105721
1640	204414	0.113896
1650	199308	0.121867
1660	197139	0.129752
1670	198292	0.137682
1680	202230	0.145770
1690	207182	0.154056
1700	211561	0.162517
1710	215517	0.171136
1720	218751	0.179885
1730	224037	0.188845
1740	229598	0.198027
1750	235856	0.207460
1760	242328	0.217152
1770	247658	0.227056
1780	252534	0.237156
1790	258603	0.247499
1800	263938	0.258054
1810	270520	0.268874
1820	276913	0.279948
1830	282508	0.291247
1840	285080	0.302648
1850	287416	0.314143
1860	290538	0.325763
1870	293345	0.337495
1880	296134	0.349338
1890	296885	0.361211
1900	296046	0.373051
1910	294207	0.384818
1920	290289	0.396428
1930	285263	0.407836
1940	280655	0.419061
1950	277420	0.430156
1960	271437	0.441011
1970	267386	0.451705
1980	263659	0.462250
1990	262101	0.472732
2000	259047	0.483092
2010	256129	0.493336
2020	253563	0.503477
2030	252950	0.513593
2040	251893	0.523667
2050	250500	0.533686
2060	249459	0.543662
2070	245686	0.553488
2080	243547	0.563229
2090	240691	0.572855
2100	236484	0.582313
2110	232362	0.591606
2120	226968	0.600683
2130	221126	0.609526
2140	214295	0.618097
2150	208637	0.626441
2160	202960	0.634558
2170	194932	0.642354
2180	188169	0.649880
2190	182684	0.657186
2200	177079	0.664268
2210	172867	0.671182
2220	166864	0.677855
2230	163725	0.684403
2240	159706	0.690790
2250	157439	0.697087
2260	155334	0.703299
2270	154055	0.709460
2280	153370	0.715594
2290	151390	0.721649
2300	150401	0.727664
2310	148473	0.733602
2320	147007	0.739481
2330	145481	0.745299
2340	143892	0.751054
2350	141578	0.756716
2360	138204	0.762244
2370	135818	0.767676
2380	133283	0.773006
2390	129350	0.778179
2400	125805	0.783211
2410	121119	0.788055
2420	117415	0.792750
2430	112780	0.797261
2440	108631	0.801606
2450	103182	0.805732
2460	98094	0.809655
2470	95273	0.813466
2480	91345	0.817119
2490	87421	0.820615
2500	83933	0.823972
2510	81461	0.827230
2520	79348	0.830403
2530	77500	0.833503
2540	75621	0.836527
2550	73708	0.839475
2560	72362	0.842369
2570	70882	0.845204
2580	69536	0.847985
2590	68412	0.850721
2600	66375	0.853375
2610	65608	0.855999
2620	64365	0.858573
2630	62562	0.861076
2640	62014	0.863556
2650	60613	0.865980
2660	59028	0.868340
2670	57997	0.870660
2680	56432	0.872917
2690	55755	0.875147
2700	54342	0.877320
2710	52845	0.879434
2720	51950	0.881511
2730	50771	0.883542
2740	49204	0.885510
2750	48091	0.887433
2760	46984	0.889312
2770	45705	0.891140
2780	44608	0.892924
2790	43560	0.894666
2800	42656	0.896372
2810	41443	0.898029
2820	39979	0.899628
2830	38619	0.901173
2840	38141	0.902698
2850	37147	0.904184
2860	36264	0.905634
2870	35548	0.907056
2880	34815	0.908448
2890	34234	0.909817
2900	32997	0.911137
2910	32300	0.912429
2920	31679	0.913696
2930	31182	0.914943
2940	30451	0.916161
2950	29502	0.917341
2960	28974	0.918499
2970	28337	0.919633
2980	28116	0.920757
2990	27383	0.921852
3000	26965	0.922931
3010	26088	0.923974
3020	25503	0.924994
3030	25406	0.926010
3040	25213	0.927019
3050	24279	0.927990
3060	23946	0.928947
3070	23614	0.929892
3080	22940	0.930809
3090	22957	0.931727
3100	22303	0.932619
3110	21859	0.933493
3120	21365	0.934348
3130	21002	0.935188
3140	20470	0.936007
3150	20141	0.936812
3160	19876	0.937607
3170	19394	0.938383
3180	18867	0.939137
3190	18610	0.939881
3200	18163	0.940608
3210	17505	0.941308
3220	17683	0.942015
3230	17043	0.942697
3240	16755	0.943367
3250	16175	0.944014
3260	15793	0.944645
3270	15348	0.945259
3280	15068	0.945862
3290	14764	0.946452
3300	14325	0.947025
3310	13878	0.947580
3320	13832	0.948133
3330	13407	0.948670
3340	12945	0.949187
3350	12683	0.949695
3360	12526	0.950195
3370	12145	0.950681
3380	11937	0.951159
3390	11769	0.951629
3400	11448	0.952087
3410	11201	0.952535
3420	10874	0.952970
3430	10630	0.953395
3440	10497	0.953815
3450	10344	0.954229
3460	10056	0.954631
3470	10046	0.955033
3480	9979	0.955432
3490	9578	0.955815
3500	9595	0.956199
3510	9359	0.956573
3520	9353	0.956947
3530	9463	0.957325
3540	9288	0.957697
3550	9154	0.958063
3560	8999	0.958423
3570	8716	0.958771
3580	8755	0.959122
3590	8477	0.959461
3600	8264	0.959791
3610	8389	0.960127
3620	8033	0.960448
3630	8043	0.960769
3640	7983	0.961089
3650	7864	0.961403
3660	7837	0.961717
3670	7630	0.962022
3680	7633	0.962327
3690	7450	0.962625
3700	7291	0.962917
3710	6945	0.963194
3720	6971	0.963473
3730	7021	0.963754
3740	6827	0.964027
3750	6891	0.964303
3760	6588	0.964566
3770	6445	0.964824
3780	6183	0.965071
3790	6179	0.965318
3800	6077	0.965561
3810	5997	0.965801
3820	5826	0.966034
3830	5854	0.966268
3840	5605	0.966492
3850	5601	0.966716
3860	5466	0.966935
3870	5539	0.967157
3880	5458	0.967375
3890	5346	0.967589
3900	5245	0.967798
3910	5052	0.968000
3920	5138	0.968206
3930	5005	0.968406
3940	5123	0.968611
3950	4955	0.968809
3960	4889	0.969005
3970	4704	0.969193
3980	4739	0.969382
3990	4535	0.969564
4000	4439	0.969741
4010	4561	0.969924
4020	4459	0.970102
4030	4482	0.970281
4040	4589	0.970465
4050	4459	0.970643
4060	4507	0.970823
4070	4427	0.971000
4080	4326	0.971173
4090	4466	0.971352
4100	4499	0.971532
4110	4465	0.971711
4120	4477	0.971890
4130	4529	0.972071
4140	4341	0.972244
4150	4436	0.972422
4160	4369	0.972597
4170	4330	0.972770
4180	4352	0.972944
4190	4398	0.973120
4200	4206	0.973288
4210	4284	0.973459
4220	4165	0.973626
4230	4304	0.973798
4240	4184	0.973965
4250	4155	0.974131
4260	4045	0.974293
4270	3919	0.974450
4280	3993	0.974610
4290	4009	0.974770
4300	3944	0.974928
4310	3789	0.975079
4320	3742	0.975229
4330	3734	0.975378
4340	3707	0.975526
4350	3461	0.975665
4360	3540	0.975806
4370	3371	0.975941
4380	3467	0.976080
4390	3408	0.976216
4400	3391	0.976352
4410	3369	0.976487
4420	3408	0.976623
4430	3313	0.976755
4440	3237	0.976885
4450	3336	0.977018
4460	3285	0.977150
4470	3252	0.977280
4480	3343	0.977413
4490	3303	0.977545
4500	3258	0.977676
4510	3274	0.977807
4520	3257	0.977937
4530	3243	0.978067
4540	3198	0.978195
4550	3278	0.978326
4560	3148	0.978452
4570	3237	0.978581
4580	3256	0.978711
4590	3210	0.978840
4600	3069	0.978962
4610	3221	0.979091
4620	3209	0.979219
4630	3312	0.979352
4640	3175	0.979479
4650	3317	0.979612
4660	3113	0.979736
4670	3304	0.979868
4680	3276	0.979999
4690	3296	0.980131
4700	3446	0.980269
4710	3424	0.980406
4720	3355	0.980540
4730	3436	0.980677
4740	3495	0.980817
4750	3519	0.980958
4760	3541	0.981100
4770	3546	0.981241
4780	3593	0.981385
4790	3631	0.981530
4800	3508	0.981671
4810	3382	0.981806
4820	3424	0.981943
4830	3420	0.982080
4840	3412	0.982216
4850	3407	0.982352
4860	3356	0.982486
4870	3350	0.982621
4880	3232	0.982750
4890	3095	0.982874
4900	3255	0.983004
4910	3030	0.983125
4920	2991	0.983245
4930	2809	0.983357
4940	2845	0.983471
4950	2817	0.983583
4960	2730	0.983693
4970	2765	0.983803
4980	2656	0.983909
4990	2699	0.984017
5000	2583	0.984121
5010	2632	0.984226
5020	2596	0.984330
5030	2587	0.984433
5040	2427	0.984530
5050	2597	0.984634
5060	2498	0.984734
5070	2459	0.984832
5080	2429	0.984929
5090	2299	0.985021
5100	2412	0.985118
5110	2327	0.985211
5120	2436	0.985308
5130	2400	0.985404
5140	2329	0.985497
5150	2365	0.985592
5160	2322	0.985685
5170	2264	0.985775
5180	2347	0.985869
5190	2346	0.985963
5200	2304	0.986055
5210	2297	0.986147
5220	2291	0.986239
5230	2269	0.986330
5240	2429	0.986427
5250	2349	0.986521
5260	2331	0.986614
5270	2338	0.986707
5280	2371	0.986802
5290	2478	0.986901
5300	2566	0.987004
5310	2495	0.987104
5320	2480	0.987203
5330	2490	0.987302
5340	2449	0.987400
5350	2501	0.987500
5360	2508	0.987601
5370	2475	0.987700
5380	2474	0.987799
5390	2459	0.987897
5400	2384	0.987992
5410	2394	0.988088
5420	2248	0.988178
5430	2246	0.988268
5440	2276	0.988359
5450	2107	0.988443
5460	1974	0.988522
5470	2035	0.988603
5480	1953	0.988681
5490	1862	0.988756
5500	1883	0.988831
5510	1739	0.988901
5520	1643	0.988967
5530	1569	0.989029
5540	1546	0.989091
5550	1467	0.989150
5560	1402	0.989206
5570	1303	0.989258
5580	1238	0.989307
5590	1245	0.989357
5600	1176	0.989404
5610	1175	0.989451
5620	1145	0.989497
5630	1143	0.989543
5640	1052	0.989585
5650	1065	0.989627
5660	1091	0.989671
5670	1007	0.989711
5680	1042	0.989753
5690	1055	0.989795
5700	1062	0.989838
5710	1062	0.989880
5720	1049	0.989922
5730	1056	0.989964
5740	1057	0.990007
5750	1006	0.990047
5760	1075	0.990090
5770	1048	0.990132
5780	1066	0.990174
5790	1073	0.990217
5800	1129	0.990263
5810	1087	0.990306
5820	1179	0.990353
5830	1076	0.990396
5840	1194	0.990444
5850	1163	0.990490
5860	1181	0.990538
5870	1245	0.990587
5880	1176	0.990634
5890	1343	0.990688
5900	1363	0.990743
5910	1352	0.990797
5920	1495	0.990857
5930	1499	0.990916
5940	1529	0.990978
5950	1635	0.991043
5960	1706	0.991111
5970	1746	0.991181
5980	1838	0.991255
5990	1793	0.991326
6000	1931	0.991404
6010	1924	0.991481
6020	1919	0.991557
6030	2072	0.991640
6040	2018	0.991721
6050	2064	0.991803
6060	1966	0.991882
6070	1914	0.991959
6080	2000	0.992039
6090	1954	0.992117
6100	1971	0.992195
6110	2019	0.992276
6120	1885	0.992352
6130	1869	0.992426
6140	1786	0.992498
6150	1818	0.992571
6160	1653	0.992637
6170	1593	0.992700
6180	1520	0.992761
6190	1391	0.992817
6200	1267	0.992867
6210	1216	0.992916
6220	1090	0.992960
6230	1060	0.993002
6240	940	0.993040
6250	865	0.993074
6260	798	0.993106
6270	701	0.993134
6280	651	0.993160
6290	602	0.993184
6300	571	0.993207
6310	591	0.993231
6320	588	0.993254
6330	516	0.993275
6340	505	0.993295
6350	521	0.993316
6360	514	0.993337
6370	471	0.993355
6380	485	0.993375
6390	464	0.993393
6400	459	0.993412
6410	472	0.993431
6420	482	0.993450
6430	508	0.993470
6440	507	0.993490
6450	544	0.993512
6460	474	0.993531
6470	551	0.993553
6480	545	0.993575
6490	545	0.993597
6500	578	0.993620
6510	667	0.993647
6520	638	0.993672
6530	661	0.993699
6540	722	0.993727
6550	681	0.993755
6560	757	0.993785
6570	742	0.993815
6580	791	0.993846
6590	786	0.993878
6600	756	0.993908
6610	830	0.993941
6620	791	0.993973
6630	892	0.994008
6640	907	0.994045
6650	948	0.994083
6660	950	0.994121
6670	976	0.994160
6680	952	0.994198
6690	978	0.994237
6700	1008	0.994277
6710	1077	0.994320
6720	1033	0.994362
6730	1086	0.994405
6740	1028	0.994446
6750	1044	0.994488
6760	1028	0.994529
6770	997	0.994569
6780	991	0.994608
6790	948	0.994646
6800	846	0.994680
6810	884	0.994716
6820	812	0.994748
6830	750	0.994778
6840	670	0.994805
6850	618	0.994829
6860	532	0.994851
6870	515	0.994871
6880	409	0.994888
6890	386	0.994903
6900	318	0.994916
6910	274	0.994927
6920	250	0.994937
6930	197	0.994945
6940	186	0.994952
6950	150	0.994958
6960	148	0.994964
6970	132	0.994969
6980	105	0.994974
6990	98	0.994977
7000	79	0.994981
7010	81	0.994984
7020	87	0.994987
7030	60	0.994990
7040	64	0.994992
7050	43	0.994994
7060	54	0.994996
7070	48	0.994998
7080	57	0.995000
7090	46	0.995002
7100	25	0.995003
7110	30	0.995004
7120	26	0.995005
7130	27	0.995007
7140	32	0.995008
7150	32	0.995009
7160	30	0.995010
7170	27	0.995011
7180	27	0.995012
7190	13	0.995013
7200	19	0.995014
7210	19	0.995015
7220	12	0.995015
7230	15	0.995016
7240	11	0.995016
7250	14	0.995017
7260	10	0.995017
7270	11	0.995017
7280	5	0.995018
7290	8	0.995018
7300	5	0.995018
7310	8	0.995018
7320	5	0.995019
7330	7	0.995019
7340	3	0.995019
7350	10	0.995019
7360	1	0.995019
7370	6	0.995020
7380	8	0.995020
7390	7	0.995020
7400	3	0.995020
7410	4	0.995021
7420	4	0.995021
7430	5	0.995021
7440	7	0.995021
7450	9	0.995022
7460	6	0.995022
7470	7	0.995022
7480	10	0.995023
7490	5	0.995023
7500	6	0.995023
7510	4	0.995023
7520	7	0.995023
7530	3	0.995023
7540	9	0.995024
7550	9	0.995024
7560	6	0.995025
7570	9	0.995025
7580	11	0.995025
7590	6	0.995026
7600	7	0.995026
7610	8	0.995026
7620	8	0.995026
7630	8	0.995027
7640	8	0.995027
7650	11	0.995028
7660	6	0.995028
7670	12	0.995028
7680	8	0.995029
7690	9	0.995029
7700	11	0.995029
7710	9	0.995030
7720	12	0.995030
7730	16	0.995031
7740	13	0.995031
7750	13	0.995032
7760	11	0.995032
7770	12	0.995033
7780	13	0.995033
7790	25	0.995034
7800	15	0.995035
7810	24	0.995036
7820	22	0.995037
7830	24	0.995038
7840	36	0.995039
7850	40	0.995041
7860	41	0.995042
7870	48	0.995044
7880	47	0.995046
7890	37	0.995048
7900	31	0.995049
7910	29	0.995050
7920	33	0.995051
7930	38	0.995053
7940	18	0.995054
7950	32	0.995055
7960	31	0.995056
7970	39	0.995058
7980	46	0.995060
7990	31	0.995061
8000	37	0.995062
8010	39	0.995064
8020	43	0.995066
8030	41	0.995067
8040	46	0.995069
8050	42	0.995071
8060	45	0.995073
8070	48	0.995074
8080	49	0.995076
8090	45	0.995078
8100	44	0.995080
8110	48	0.995082
8120	48	0.995084
8130	46	0.995086
8140	45	0.995088
8150	56	0.995090
8160	61	0.995092
8170	63	0.995095
8180	71	0.995098
8190	61	0.995100
8200	76	0.995103
8210	63	0.995106
8220	84	0.995109
8230	68	0.995112
8240	62	0.995114
8250	62	0.995117
8260	82	0.995120
8270	64	0.995122
8280	55	0.995125
8290	77	0.995128
8300	78	0.995131
8310	76	0.995134
8320	71	0.995137
8330	98	0.995141
8340	87	0.995144
8350	89	0.995148
8360	77	0.995151
8370	97	0.995155
8380	94	0.995158
8390	104	0.995163
8400	124	0.995167
8410	147	0.995173
8420	123	0.995178
8430	104	0.995182
8440	121	0.995187
8450	126	0.995192
8460	117	0.995197
8470	111	0.995201
8480	113	0.995206
8490	125	0.995211
8500	129	0.995216
8510	121	0.995221
8520	139	0.995227
8530	143	0.995232
8540	160	0.995239
8550	154	0.995245
8560	178	0.995252
8570	186	0.995259
8580	199	0.995267
8590	201	0.995275
8600	202	0.995283
8610	222	0.995292
8620	202	0.995300
8630	183	0.995308
8640	220	0.995316
8650	219	0.995325
8660	174	0.995332
8670	221	0.995341
8680	208	0.995349
8690	233	0.995359
8700	252	0.995369
8710	254	0.995379
8720	277	0.995390
8730	265	0.995401
8740	313	0.995413
8750	290	0.995425
8760	298	0.995437
8770	325	0.995450
8780	298	0.995462
8790	362	0.995476
8800	329	0.995489
8810	323	0.995502
8820	363	0.995517
8830	384	0.995532
8840	343	0.995546
8850	375	0.995561
8860	407	0.995577
8870	335	0.995590
8880	417	0.995607
8890	445	0.995625
8900	413	0.995641
8910	508	0.995662
8920	458	0.995680
8930	519	0.995701
8940	543	0.995722
8950	493	0.995742
8960	604	0.995766
8970	565	0.995789
8980	622	0.995814
8990	606	0.995838
9000	660	0.995864
9010	626	0.995889
9020	630	0.995915
9030	634	0.995940
9040	662	0.995966
9050	693	0.995994
9060	661	0.996021
9070	713	0.996049
9080	651	0.996075
9090	731	0.996104
9100	710	0.996133
9110	729	0.996162
9120	759	0.996192
9130	758	0.996223
9140	804	0.996255
9150	799	0.996287
9160	821	0.996320
9170	803	0.996352
9180	779	0.996383
9190	786	0.996414
9200	832	0.996448
9210	790	0.996479
9220	876	0.996514
9230	840	0.996548
9240	834	0.996581
9250	835	0.996615
9260	926	0.996652
9270	867	0.996686
9280	844	0.996720
9290	818	0.996753
9300	827	0.996786
9310	873	0.996821
9320	807	0.996853
9330	772	0.996884
9340	801	0.996916
9350	798	0.996948
9360	730	0.996977
9370	699	0.997005
9380	705	0.997033
9390	732	0.997062
9400	676	0.997089
9410	689	0.997117
9420	644	0.997143
9430	616	0.997167
9440	600	0.997191
9450	599	0.997215
9460	526	0.997236
9470	580	0.997260
9480	551	0.997282
9490	557	0.997304
9500	525	0.997325
9510	528	0.997346
9520	482	0.997365
9530	518	0.997386
9540	528	0.997407
9550	562	0.997430
9560	497	0.997450
9570	523	0.997470
9580	523	0.997491
9590	569	0.997514
9600	516	0.997535
9610	552	0.997557
9620	518	0.997577
9630	574	0.997600
9640	594	0.997624
9650	567	0.997647
9660	534	0.997668
9670	538	0.997690
9680	544	0.997712
9690	511	0.997732
9700	545	0.997754
9710	540	0.997775
9720	571	0.997798
9730	518	0.997819
9740	546	0.997841
9750	568	0.997863
9760	493	0.997883
9770	549	0.997905
9780	534	0.997926
9790	521	0.997947
9800	534	0.997969
9810	496	0.997988
9820	572	0.998011
9830	554	0.998034
9840	533	0.998055
9850	551	0.998077
9860	475	0.998096
9870	558	0.998118
9880	594	0.998142
9890	591	0.998166
9900	584	0.998189
9910	564	0.998212
9920	523	0.998232
9930	548	0.998254
9940	550	0.998276
9950	537	0.998298
9960	499	0.998318
9970	510	0.998338
9980	559	0.998361
9990	554	0.998383
10000	509	0.998403
10010	541	0.998425
10020	515	0.998445
10030	523	0.998466
10040	534	0.998488
10050	528	0.998509
10060	561	0.998531
10070	557	0.998553
10080	565	0.998576
10090	566	0.998599
10100	510	0.998619
10110	558	0.998641
10120	512	0.998662
10130	534	0.998683
10140	497	0.998703
10150	528	0.998724
10160	512	0.998745
10170	506	0.998765
10180	490	0.998785
10190	504	0.998805
10200	485	0.998824
10210	448	0.998842
10220	474	0.998861
10230	474	0.998880
10240	462	0.998898
10250	463	0.998917
10260	486	0.998936
10270	454	0.998954
10280	476	0.998973
10290	446	0.998991
10300	464	0.999010
10310	463	0.999028
10320	492	0.999048
10330	458	0.999066
10340	472	0.999085
10350	462	0.999104
10360	447	0.999122
10370	420	0.999138
10380	423	0.999155
10390	398	0.999171
10400	386	0.999187
10410	394	0.999202
10420	383	0.999218
10430	373	0.999233
10440	350	0.999247
10450	348	0.999261
10460	343	0.999274
10470	338	0.999288
10480	343	0.999302
10490	343	0.999315
10500	329	0.999328
10510	316	0.999341
10520	307	0.999353
10530	307	0.999366
10540	294	0.999377
10550	283	0.999389
10560	297	0.999401
10570	296	0.999412
10580	264	0.999423
10590	287	0.999434
10600	251	0.999444
10610	262	0.999455
10620	254	0.999465
10630	251	0.999475
10640	211	0.999484
10650	270	0.999494
10660	228	0.999503
10670	219	0.999512
10680	213	0.999521
10690	216	0.999529
10700	203	0.999538
10710	197	0.999545
10720	212	0.999554
10730	202	0.999562
10740	194	0.999570
10750	180	0.999577
10760	178	0.999584
10770	161	0.999590
10780	146	0.999596
10790	191	0.999604
10800	164	0.999611
10810	150	0.999617
10820	147	0.999622
10830	162	0.999629
10840	140	0.999634
10850	156	0.999641
10860	138	0.999646
10870	154	0.999652
10880	131	0.999658
10890	147	0.999664
10900	120	0.999668
10910	112	0.999673
10920	123	0.999678
10930	140	0.999683
10940	111	0.999688
10950	113	0.999692
10960	117	0.999697
10970	101	0.999701
10980	122	0.999706
10990	114	0.999710
11000	106	0.999715
11010	109	0.999719
11020	106	0.999723
11030	98	0.999727
11040	88	0.999731
11050	93	0.999734
11060	91	0.999738
11070	88	0.999742
11080	84	0.999745
11090	78	0.999748
11100	81	0.999751
11110	89	0.999755
11120	81	0.999758
11130	76	0.999761
11140	66	0.999764
11150	76	0.999767
11160	82	0.999770
11170	73	0.999773
11180	62	0.999776
11190	74	0.999778
11200	79	0.999782
11210	73	0.999785
11220	69	0.999787
11230	84	0.999791
11240	75	0.999794
11250	59	0.999796
11260	50	0.999798
11270	59	0.999800
11280	71	0.999803
11290	54	0.999805
11300	59	0.999808
11310	81	0.999811
11320	62	0.999813
11330	72	0.999816
11340	59	0.999819
11350	68	0.999821
11360	66	0.999824
11370	51	0.999826
11380	54	0.999828
11390	52	0.999830
11400	51	0.999832
11410	56	0.999835
11420	43	0.999836
11430	47	0.999838
11440	65	0.999841
11450	35	0.999842
11460	43	0.999844
11470	48	0.999846
11480	41	0.999848
11490	52	0.999850
11500	43	0.999851
11510	43	0.999853
11520	46	0.999855
11530	35	0.999856
11540	34	0.999858
11550	48	0.999860
11560	41	0.999861
11570	35	0.999863
11580	42	0.999864
11590	29	0.999865
11600	33	0.999867
11610	31	0.999868
11620	33	0.999869
11630	37	0.999871
11640	40	0.999872
11650	36	0.999874
11660	32	0.999875
11670	45	0.999877
11680	35	0.999878
11690	35	0.999880
11700	37	0.999881
11710	28	0.999882
11720	40	0.999884
11730	29	0.999885
11740	25	0.999886
11750	28	0.999887
11760	23	0.999888
11770	28	0.999889
11780	35	0.999891
11790	29	0.999892
11800	37	0.999893
11810	29	0.999894
11820	25	0.999895
11830	29	0.999897
11840	23	0.999897
11850	25	0.999898
11860	26	0.999900
11870	26	0.999901
11880	23	0.999901
11890	32	0.999903
11900	19	0.999904
11910	23	0.999905
11920	30	0.999906
11930	19	0.999906
11940	25	0.999907
11950	22	0.999908
11960	8	0.999909
11970	22	0.999909
11980	23	0.999910
11990	23	0.999911
12000	15	0.999912
12010	19	0.999913
12020	31	0.999914
12030	20	0.999915
12040	22	0.999916
12050	31	0.999917
12060	24	0.999918
12070	20	0.999919
12080	25	0.999920
12090	16	0.999920
12100	28	0.999921
12110	11	0.999922
12120	24	0.999923
12130	28	0.999924
12140	26	0.999925
12150	18	0.999926
12160	28	0.999927
12170	17	0.999927
12180	25	0.999928
12190	14	0.999929
12200	15	0.999930
12210	23	0.999931
12220	21	0.999931
12230	17	0.999932
12240	12	0.999932
12250	13	0.999933
12260	21	0.999934
12270	16	0.999935
12280	13	0.999935
12290	19	0.999936
12300	13	0.999936
12310	19	0.999937
12320	18	0.999938
12330	22	0.999939
12340	14	0.999939
12350	23	0.999940
12360	24	0.999941
12370	21	0.999942
12380	23	0.999943
12390	15	0.999944
12400	22	0.999944
12410	15	0.999945
12420	18	0.999946
12430	14	0.999946
12440	24	0.999947
12450	20	0.999948
12460	19	0.999949
12470	21	0.999950
12480	15	0.999950
12490	16	0.999951
12500	14	0.999951
12510	20	0.999952
12520	13	0.999953
12530	21	0.999954
12540	16	0.999954
12550	22	0.999955
12560	20	0.999956
12570	11	0.999956
12580	13	0.999957
12590	20	0.999958
12600	19	0.999958
12610	16	0.999959
12620	19	0.999960
12630	10	0.999960
12640	8	0.999960
12650	9	0.999961
12660	11	0.999961
12670	8	0.999962
12680	7	0.999962
12690	14	0.999963
12700	6	0.999963
12710	13	0.999963
12720	12	0.999964
12730	7	0.999964
12740	8	0.999964
12750	10	0.999965
12760	4	0.999965
12770	10	0.999965
12780	10	0.999966
12790	10	0.999966
12800	13	0.999967
12810	5	0.999967
12820	9	0.999967
12830	8	0.999968
12840	17	0.999968
12850	8	0.999968
12860	8	0.999969
12870	12	0.999969
12880	5	0.999969
12890	12	0.999970
12900	9	0.999970
12910	4	0.999970
12920	6	0.999971
12930	13	0.999971
12940	9	0.999972
12950	8	0.999972
12960	10	0.999972
12970	16	0.999973
12980	11	0.999973
12990	6	0.999974
13000	8	0.999974
13010	10	0.999974
13020	5	0.999975
13030	18	0.999975
13040	8	0.999976
13050	13	0.999976
13060	7	0.999976
13070	15	0.999977
13080	6	0.999977
13090	6	0.999977
13100	9	0.999978
13110	10	0.999978
13120	10	0.999979
13130	5	0.999979
13140	9	0.999979
13150	10	0.999980
13160	9	0.999980
13170	8	0.999980
13180	2	0.999980
13190	10	0.999981
13200	16	0.999981
13210	15	0.999982
13220	6	0.999982
13230	8	0.999983
13240	5	0.999983
13250	8	0.999983
13260	10	0.999984
13270	5	0.999984
13280	8	0.999984
13290	9	0.999984
13300	7	0.999985
13310	7	0.999985
13320	7	0.999985
13330	11	0.999986
13340	7	0.999986
13350	3	0.999986
13360	4	0.999986
13370	7	0.999986
13380	7	0.999987
13390	3	0.999987
13400	4	0.999987
13410	10	0.999987
13420	4	0.999988
13430	6	0.999988
13440	11	0.999988
13450	7	0.999989
13460	10	0.999989
13470	2	0.999989
13480	8	0.999989
13490	5	0.999990
13500	5	0.999990
13510	6	0.999990
13520	7	0.999990
13530	3	0.999990
13540	6	0.999991
13550	5	0.999991
13560	7	0.999991
13570	5	0.999991
13580	5	0.999992
13590	4	0.999992
13600	6	0.999992
13610	3	0.999992
13620	2	0.999992
13630	5	0.999992
13640	4	0.999992
13650	4	0.999993
13660	3	0.999993
13670	3	0.999993
13680	4	0.999993
13690	4	0.999993
13700	4	0.999993
13710	5	0.999994
13720	3	0.999994
13730	7	0.999994
13740	2	0.999994
13750	3	0.999994
13760	1	0.999994
13770	5	0.999994
13780	3	0.999995
13790	2	0.999995
13800	5	0.999995
13810	3	0.999995
13820	2	0.999995
13830	6	0.999995
13840	3	0.999995
13850	3	0.999996
13860	7	0.999996
13870	3	0.999996
13880	6	0.999996
13890	4	0.999996
13900	4	0.999996
13910	8	0.999997
13920	2	0.999997
13930	2	0.999997
13940	2	0.999997
13950	3	0.999997
13960	1	0.999997
13970	8	0.999997
13980	3	0.999998
13990	6	0.999998
14000	1	0.999998
14010	2	0.999998
14020	1	0.999998
14030	1	0.999998
14040	1	0.999998
14050	1	0.999998
14060	2	0.999998
14080	1	0.999998
14090	1	0.999998
14100	1	0.999998
14110	2	0.999998
14120	2	0.999999
14130	1	0.999999
14140	2	0.999999
14150	4	0.999999
14170	1	0.999999
14190	3	0.999999
14200	5	0.999999
14220	2	0.999999
14230	5	0.999999
14240	1	0.999999
14250	3	1.000000
14300	4	1.000000
14310	1	1.000000
14330	1	1.000000
14340	1	1.000000
14360	1	1.000000
14370	1	1.000000
14390	1	1.000000
14430	1	1.000000
